$SPEC_ID:
Cf
$SPEC_REM:
DET# 1
DETDESC# MCB 25
AP# Maestro Version 6.05
$DATE_MEA:
10/07/2015 11:50:18
$MEAS_TIM:
3785 3826
$DATA:
0 511
       0
       0
       0
       0
       0
       0
      55
   47900
   64760
   66936
   67846
   67924
   67050
   65205
   62719
   59380
   55363
   50975
   46494
   41247
   35377
   30594
   25230
   20205
   15702
   11486
    8211
    5784
    3935
    3013
    2528
    2534
    2329
    2519
    2525
    2405
    2397
    2444
    2526
    2508
    2661
    2576
    2498
    2597
    2594
    2720
    2732
    2816
    2767
    2750
    2813
    2793
    2820
    2935
    2994
    2955
    3017
    3098
    3051
    3097
    3012
    3213
    3151
    3165
    3358
    3269
    3200
    3215
    3381
    3323
    3290
    3363
    3397
    3414
    3416
    3434
    3448
    3496
    3588
    3539
    3631
    3644
    3773
    3578
    3788
    3757
    3727
    3771
    3888
    3694
    3748
    3876
    3917
    3862
    3962
    3974
    4012
    4012
    4065
    3918
    4057
    4227
    4032
    4057
    4136
    4118
    4148
    4049
    4198
    4094
    4132
    4170
    4234
    4299
    4243
    4195
    4125
    4261
    4291
    4236
    4285
    4281
    4246
    4425
    4480
    4417
    4470
    4379
    4243
    4503
    4394
    4313
    4440
    4542
    4422
    4552
    4390
    4462
    4496
    4582
    4510
    4561
    4419
    4618
    4428
    4426
    4525
    4456
    4544
    4472
    4568
    4613
    4670
    4563
    4585
    4494
    4651
    4694
    4600
    4605
    4557
    4517
    4671
    4581
    4496
    4719
    4583
    4660
    4628
    4517
    4532
    4484
    4543
    4667
    4461
    4499
    4625
    4541
    4496
    4534
    4470
    4506
    4521
    4487
    4376
    4508
    4469
    4403
    4459
    4451
    4512
    4398
    4568
    4509
    4455
    4453
    4427
    4331
    4302
    4341
    4344
    4405
    4385
    4378
    4241
    4308
    4258
    4258
    4159
    4133
    4129
    4155
    4209
    4205
    4202
    4308
    4173
    4153
    4075
    3989
    4187
    4069
    3954
    3927
    3973
    3987
    3886
    4001
    3931
    3869
    3916
    3908
    3831
    3942
    3796
    3805
    3736
    3734
    3745
    3679
    3612
    3695
    3690
    3692
    3553
    3550
    3712
    3487
    3553
    3484
    3545
    3506
    3449
    3386
    3486
    3352
    3354
    3396
    3295
    3291
    3282
    3269
    3307
    3193
    3136
    3119
    3043
    3095
    3083
    3058
    3066
    3081
    3089
    2967
    2991
    2939
    2945
    2918
    2874
    2827
    2802
    2766
    2686
    2769
    2641
    2604
    2613
    2608
    2647
    2540
    2592
    2472
    2444
    2460
    2412
    2344
    2330
    2349
    2263
    2403
    2255
    2221
    2202
    2209
    2192
    2114
    2119
    2081
    2143
    2056
    1974
    2011
    1918
    1920
    1926
    1834
    1906
    1844
    1844
    1722
    1805
    1729
    1725
    1670
    1658
    1660
    1602
    1604
    1551
    1551
    1485
    1454
    1470
    1465
    1432
    1424
    1349
    1389
    1289
    1286
    1268
    1198
    1179
    1218
    1213
    1185
    1144
    1091
    1079
     993
    1005
    1041
     982
     983
     952
     939
     936
     895
     863
     826
     851
     829
     770
     773
     767
     810
     716
     687
     651
     679
     656
     603
     559
     587
     561
     573
     541
     532
     550
     498
     477
     435
     466
     416
     421
     402
     408
     371
     362
     330
     319
     320
     307
     316
     278
     272
     259
     245
     249
     232
     238
     206
     163
     196
     175
     179
     169
     146
     127
     150
     137
     145
     106
     107
     121
     101
      87
      88
      78
      77
      63
      69
      66
      59
      62
      48
      54
      39
      31
      40
      37
      29
      25
      15
      25
      24
      13
      19
      12
      10
      12
      11
       8
      15
       7
       7
      10
       8
       7
      10
       4
       6
       5
       5
       4
       4
       4
       7
       2
       5
       3
       5
       4
       4
       3
       2
       4
       1
       6
       4
       1
       1
       2
       1
       4
       5
       2
       0
       2
       0
       1
       3
       2
       2
       2
       3
       0
       1
       3
       1
       2
       3
       0
       2
       0
       1
       3
       0
       7
       2
      53
      91
      85
      89
      90
      82
      75
      86
      77
      78
      86
      92
$ROI:
0
$PRESETS:
None
0
0
$ENER_FIT:
0.000000 0.000000
$MCA_CAL:
3
0.000000E+000 0.000000E+000 0.000000E+000
$SHAPE_CAL:
3
0.000000E+000 0.000000E+000 0.000000E+000
