$SPEC_ID:
Cf
$SPEC_REM:
DET# 1
DETDESC# MCB 25
AP# Maestro Version 6.05
$DATE_MEA:
10/07/2015 11:50:18
$MEAS_TIM:
3785 3826
$DATA:
0 511
       0
       0
       0
       0
       0
       0
      43
   46439
   63315
   65618
   66484
   66820
   66240
   64465
   61977
   58679
   54571
   50034
   45630
   40586
   34870
   30128
   24761
   19781
   15301
   11087
    7815
    5424
    3590
    2636
    2151
    2159
    1964
    2192
    2168
    2090
    2094
    2136
    2230
    2183
    2387
    2279
    2219
    2303
    2298
    2433
    2467
    2584
    2526
    2494
    2586
    2547
    2561
    2699
    2751
    2699
    2779
    2872
    2841
    2873
    2799
    2996
    2932
    2946
    3172
    3073
    3020
    3008
    3195
    3125
    3100
    3177
    3207
    3249
    3232
    3249
    3291
    3315
    3426
    3397
    3451
    3494
    3631
    3414
    3644
    3577
    3533
    3566
    3713
    3534
    3589
    3744
    3778
    3707
    3829
    3843
    3868
    3868
    3944
    3800
    3931
    4101
    3911
    3926
    4034
    4017
    4037
    3935
    4077
    3996
    4056
    4076
    4165
    4212
    4151
    4103
    4037
    4185
    4222
    4178
    4201
    4202
    4166
    4356
    4425
    4337
    4402
    4318
    4173
    4437
    4340
    4258
    4398
    4481
    4358
    4505
    4342
    4415
    4446
    4532
    4466
    4501
    4364
    4565
    4373
    4369
    4458
    4405
    4484
    4409
    4513
    4554
    4618
    4515
    4512
    4431
    4588
    4641
    4542
    4538
    4505
    4452
    4611
    4523
    4431
    4671
    4551
    4609
    4580
    4472
    4493
    4441
    4519
    4635
    4434
    4467
    4596
    4516
    4466
    4508
    4446
    4477
    4498
    4460
    4355
    4486
    4446
    4383
    4434
    4430
    4494
    4376
    4548
    4486
    4433
    4436
    4409
    4304
    4283
    4316
    4324
    4384
    4363
    4370
    4219
    4293
    4236
    4236
    4137
    4110
    4112
    4137
    4181
    4183
    4181
    4298
    4157
    4136
    4053
    3971
    4166
    4047
    3929
    3912
    3952
    3971
    3872
    3982
    3913
    3852
    3901
    3889
    3807
    3920
    3775
    3796
    3719
    3718
    3724
    3668
    3601
    3678
    3668
    3675
    3531
    3531
    3688
    3455
    3525
    3450
    3505
    3465
    3417
    3346
    3444
    3314
    3302
    3354
    3252
    3249
    3242
    3224
    3268
    3143
    3096
    3070
    3013
    3063
    3057
    3023
    3038
    3052
    3067
    2942
    2968
    2915
    2922
    2890
    2855
    2796
    2781
    2738
    2673
    2737
    2620
    2586
    2602
    2601
    2631
    2524
    2578
    2462
    2431
    2448
    2405
    2332
    2319
    2342
    2256
    2400
    2246
    2216
    2195
    2200
    2181
    2107
    2116
    2071
    2137
    2051
    1972
    2003
    1904
    1911
    1919
    1827
    1895
    1839
    1838
    1716
    1800
    1721
    1721
    1666
    1656
    1652
    1595
    1601
    1542
    1548
    1478
    1450
    1463
    1456
    1430
    1420
    1339
    1384
    1287
    1280
    1261
    1194
    1176
    1211
    1208
    1178
    1142
    1089
    1077
     991
    1002
    1037
     979
     980
     950
     937
     934
     894
     859
     824
     849
     825
     769
     769
     765
     805
     713
     685
     650
     674
     654
     600
     556
     582
     559
     570
     537
     530
     549
     496
     474
     435
     465
     413
     419
     401
     407
     370
     358
     326
     318
     318
     304
     313
     276
     270
     256
     242
     245
     229
     238
     206
     163
     193
     174
     177
     167
     144
     124
     148
     137
     143
     106
     106
     120
      98
      85
      86
      78
      76
      58
      66
      66
      58
      61
      47
      54
      39
      31
      39
      36
      29
      25
      14
      25
      23
      11
      19
      12
       8
      11
      11
       6
      15
       6
       7
       8
       7
       5
       5
       2
       6
       4
       3
       4
       3
       3
       7
       2
       5
       2
       5
       3
       4
       2
       2
       4
       0
       5
       3
       1
       0
       0
       1
       1
       3
       2
       0
       2
       0
       1
       2
       2
       2
       1
       1
       0
       1
       3
       1
       2
       3
       0
       1
       0
       0
       1
       0
       7
       2
      16
      20
       3
      10
       0
       0
       0
      11
       3
       0
       0
      16
$ROI:
0
$PRESETS:
None
0
0
$ENER_FIT:
0.000000 0.000000
$MCA_CAL:
3
0.000000E+000 0.000000E+000 0.000000E+000
$SHAPE_CAL:
3
0.000000E+000 0.000000E+000 0.000000E+000
