$SPEC_ID:
Cf
$SPEC_REM:
DET# 1
DETDESC# MCB 25
AP# Maestro Version 6.05
$DATE_MEA:
10/07/2015 09:42:05
$MEAS_TIM:
690 691
$DATA:
0 511
       0
       0
       0
       0
       0
       0
      13
    1420
    1307
    1183
    1191
    1178
    1090
    1125
    1113
     861
     608
     530
     424
     445
     403
     344
     352
     342
     359
     351
     316
     338
     292
     289
     285
     284
     248
     289
     284
     273
     264
     275
     271
     239
     239
     290
     261
     254
     242
     243
     281
     246
     253
     221
     241
     214
     227
     241
     252
     216
     213
     219
     240
     180
     240
     186
     219
     229
     221
     196
     221
     209
     226
     221
     217
     234
     211
     212
     215
     218
     233
     241
     216
     218
     236
     211
     220
     224
     235
     245
     202
     248
     223
     249
     237
     248
     220
     236
     217
     200
     223
     220
     224
     203
     163
     168
     159
     162
     152
     150
     112
      98
      92
     105
     115
      90
     101
      89
      69
      66
      70
      99
      92
      58
      60
      71
      65
      73
      61
      59
      60
      57
      64
      53
      53
      54
      65
      63
      51
      60
      55
      49
      61
      51
      62
      50
      46
      55
      59
      51
      53
      47
      63
      60
      50
      51
      49
      59
      43
      49
      52
      69
      61
      54
      68
      54
      58
      47
      58
      58
      48
      53
      54
      57
      51
      51
      51
      53
      41
      57
      58
      52
      49
      44
      59
      52
      56
      44
      55
      50
      54
      41
      57
      48
      49
      57
      60
      41
      57
      42
      54
      62
      58
      53
      42
      52
      46
      54
      51
      53
      55
      62
      49
      46
      49
      53
      59
      34
      60
      39
      58
      44
      52
      52
      39
      49
      52
      37
      33
      36
      45
      42
      34
      35
      34
      16
      25
      25
      15
      27
      21
      22
      14
      18
      22
      19
      17
      24
      21
      17
       9
      12
      11
      14
      16
      12
       8
      14
      10
      14
      15
      21
      12
      11
       9
       6
      10
       9
      10
       7
       6
       9
       7
       4
       3
      10
       9
      10
       3
      10
       7
       4
       8
       3
       7
       7
       1
       3
       8
       4
       4
       7
       4
       4
       3
       3
       5
       7
       2
       2
       4
       6
       2
       1
       8
       4
       2
       3
       4
       8
       2
       6
       2
       1
       3
       1
       3
       6
       1
       3
       2
       2
       3
       2
       3
       1
       5
       4
       4
       4
       1
       2
       4
       1
       3
       4
       3
       2
       3
       0
       2
       2
       3
       5
       3
       0
       2
       2
       3
       2
       0
       2
       4
       2
       1
       3
       4
       2
       2
       3
       5
       4
       6
       5
       1
       3
       4
       5
       1
       2
       1
       4
       4
       3
       4
       2
       1
       2
       2
       2
       1
       3
       5
       1
       2
       2
       4
       2
       4
       3
       3
       2
       2
       6
       1
       1
       1
       2
       4
       5
       3
       2
       4
       2
       4
       6
       2
       0
       8
       3
       2
       3
       2
       0
       2
       3
       2
       2
       2
       0
       0
       0
       1
       1
       1
       0
       1
       2
       0
       2
       1
       2
       0
       1
       0
       0
       0
       0
       0
       1
       0
       1
       0
       1
       1
       1
       0
       0
       0
       0
       0
       0
       1
       1
       0
       0
       0
       0
       0
       0
       1
       0
       0
       0
       1
       0
       0
       0
       0
       0
       0
       1
       0
       0
       1
       0
       0
       0
       0
       0
       0
       0
       0
       0
       1
       0
       1
       0
       0
       1
       1
       0
       0
       0
       0
       0
       0
       0
       0
       0
       0
       1
       0
       0
       6
      11
      18
      14
      15
      18
       7
       9
      13
      15
      17
      13
$ROI:
0
$PRESETS:
None
0
0
$ENER_FIT:
0.000000 0.000000
$MCA_CAL:
3
0.000000E+000 0.000000E+000 0.000000E+000
$SHAPE_CAL:
3
0.000000E+000 0.000000E+000 0.000000E+000
