$SPEC_ID:
Cf
$SPEC_REM:
DET# 1
DETDESC# MCB 25
AP# Maestro Version 6.05
$DATE_MEA:
10/07/2015 10:22:24
$MEAS_TIM:
905 909
$DATA:
0 511
       0
       0
       0
       0
       0
       0
      35
    6874
    7171
    8602
   10296
    5658
    1744
    1046
    1067
     994
    1003
    1042
    1167
     994
    1063
    1096
    1176
    1206
    1215
    1196
    1176
    1192
    1207
    1258
    1342
    1355
    1309
    1281
    1351
    1347
    1399
    1473
    1363
    1272
    1377
    1435
    1292
    1477
    1390
    1387
    1384
    1402
    1386
    1362
    1449
    1465
    1299
    1379
    1357
    1430
    1391
    1328
    1382
    1283
    1238
    1376
    1334
    1321
    1327
    1312
    1295
    1230
    1260
    1261
    1217
    1176
    1239
    1156
    1148
    1119
    1049
    1145
    1044
    1005
     951
    1001
     985
     966
     949
     863
     855
     885
     807
     908
     853
     833
     813
     771
     789
     740
     719
     678
     672
     678
     614
     620
     691
     595
     583
     587
     607
     573
     521
     555
     508
     451
     466
     450
     515
     391
     471
     394
     441
     434
     447
     410
     379
     382
     408
     343
     407
     397
     354
     359
     352
     430
     415
     436
     396
     404
     413
     426
     459
     487
     505
     485
     482
     558
     605
     627
     632
     692
     698
     720
     770
     780
     801
     833
     861
     816
     743
     763
     738
     726
     688
     629
     622
     491
     456
     442
     358
     338
     241
     232
     202
     164
     143
     143
     102
      97
      67
      55
      46
      53
      25
      27
      30
      27
      17
      19
      17
      21
      11
      10
       8
      17
      13
       9
       8
      17
       9
       2
      12
       6
       9
       8
       3
       8
      10
      15
       7
       3
       9
       8
       2
       5
       5
       1
       8
       9
       4
       2
       6
      12
       3
       4
       7
       4
       2
       0
       3
       5
       4
       0
       0
       9
       6
       0
       2
       0
       1
       3
       7
       2
       0
       0
       2
       3
       0
       2
       0
       0
       4
       7
       7
       0
       3
       0
       0
       0
       9
       0
       5
       1
       5
       0
       1
       2
       8
       0
       0
       0
       2
       0
       0
       0
       1
       0
       1
       0
       1
       0
       0
       0
       0
       0
       2
       1
       0
       0
       0
       1
       0
       0
       4
       1
       2
       1
       1
       2
       3
       0
       4
       0
       2
       0
       0
       0
       1
       0
       0
       1
       1
       0
       2
       1
       0
       2
       0
       0
       0
       0
       1
       0
       0
       2
       3
       1
       1
       0
       2
       0
       0
       0
       0
       1
       0
       1
       0
       2
       0
       1
       2
       0
       0
       0
       1
       0
       1
       1
       0
       0
       1
       0
       1
       0
       1
       2
       0
       0
       0
       0
       0
       2
       2
       0
       2
       1
       0
       0
       2
       1
       0
       1
       2
       0
       1
       2
       0
       0
       0
       2
       2
       0
       1
       0
       1
       1
       0
       0
       1
       0
       0
       1
       0
       0
       0
       0
       1
       0
       0
       0
       0
       0
       1
       1
       0
       0
       1
       0
       1
       1
       0
       0
       0
       0
       0
       1
       0
       0
       0
       0
       1
       0
       0
       0
       1
       1
       0
       1
       2
       0
       1
       0
       0
       0
       0
       3
       0
       0
       1
       0
       0
       1
       1
       0
       0
       2
       0
       0
       0
       0
       0
       0
       0
       0
       0
       0
       0
       0
       0
       1
       0
       2
       0
       1
       1
       0
       0
       0
       0
       1
       0
       0
       1
       1
       2
       0
       0
       1
       0
       0
       0
       0
       0
       0
       0
       0
       0
       1
       0
       1
       0
       0
       0
       0
       0
       0
       1
       0
       0
       0
       0
       0
       0
       0
       0
       0
       1
       4
       0
       0
       0
       0
       3
       0
$ROI:
0
$PRESETS:
None
0
0
$ENER_FIT:
0.000000 0.000000
$MCA_CAL:
3
0.000000E+000 0.000000E+000 0.000000E+000
$SHAPE_CAL:
3
0.000000E+000 0.000000E+000 0.000000E+000
