$SPEC_ID:
Cf
$SPEC_REM:
DET# 1
DETDESC# MCB 25
AP# Maestro Version 6.05
$DATE_MEA:
10/07/2015 10:42:14
$MEAS_TIM:
806 807
$DATA:
0 511
       0
       0
       0
       0
       0
       0
      22
    3417
    2968
    1341
     764
     637
     517
     534
     522
     498
     529
     524
     499
     485
     460
     434
     426
     414
     381
     423
     379
     379
     385
     383
     342
     325
     369
     364
     332
     339
     342
     299
     352
     353
     324
     318
     367
     321
     285
     340
     274
     291
     304
     290
     307
     297
     303
     301
     265
     296
     284
     308
     282
     297
     296
     261
     261
     256
     294
     240
     267
     273
     244
     238
     288
     268
     251
     232
     258
     251
     280
     270
     263
     260
     269
     236
     254
     239
     278
     289
     266
     276
     293
     258
     250
     250
     240
     276
     280
     257
     263
     282
     297
     251
     287
     291
     254
     292
     288
     285
     255
     271
     312
     277
     291
     311
     269
     304
     253
     300
     255
     291
     253
     245
     231
     206
     226
     215
     182
     196
     171
     144
     149
     142
     111
      96
      83
      78
      75
      76
      64
      67
      53
      59
      41
      41
      42
      42
      27
      24
      25
      28
      27
      19
      21
      19
      17
      22
      20
      20
      16
      10
      15
      18
      13
      10
       8
      19
      13
      14
      11
      12
      13
      15
       7
      10
       1
       9
       7
       7
       8
       7
       6
       3
       7
       7
       4
       3
       3
       1
       3
       7
       6
       9
       2
       2
       3
       4
       5
       3
       5
       7
       3
       6
       3
       6
       8
       3
       4
       3
       5
       6
       6
       4
       4
       4
       3
       6
       4
       6
       4
       6
       4
       2
       4
       3
       2
       3
       4
       6
       5
       1
       5
       7
       3
       2
       1
       5
       4
       6
       5
       3
       4
       7
       6
      12
       4
       4
       7
       7
       8
       8
       6
       5
       6
      10
       3
      13
      10
       9
       9
       8
       8
       7
       4
       9
      13
       8
       8
       9
       8
       6
       4
       5
       9
      11
       5
       6
       6
      11
       5
       7
       6
       5
       6
       6
       3
       6
       6
       4
       3
       2
       3
       5
       1
       3
       2
       4
       2
       1
       1
       2
       1
       5
       0
       4
       1
       1
       1
       1
       3
       4
       0
       1
       2
       1
       2
       1
       2
       2
       1
       4
       1
       3
       1
       0
       0
       0
       3
       3
       0
       2
       2
       1
       2
       0
       3
       2
       2
       1
       2
       0
       0
       2
       1
       1
       0
       1
       0
       0
       3
       1
       0
       2
       1
       1
       1
       1
       1
       0
       0
       2
       0
       1
       0
       0
       0
       0
       2
       2
       1
       0
       0
       0
       0
       1
       0
       0
       2
       1
       2
       0
       2
       1
       0
       0
       0
       0
       0
       4
       0
       1
       0
       0
       1
       0
       0
       1
       0
       1
       1
       0
       0
       2
       0
       0
       0
       0
       1
       0
       0
       0
       1
       1
       1
       1
       1
       0
       0
       0
       1
       1
       0
       0
       1
       0
       0
       0
       0
       0
       0
       0
       0
       0
       0
       0
       1
       0
       0
       0
       1
       0
       0
       0
       0
       0
       0
       0
       1
       0
       0
       1
       0
       0
       0
       0
       0
       1
       0
       0
       1
       0
       0
       0
       1
       1
       0
       0
       0
       1
       0
       0
       0
       0
       0
       0
       0
       0
       0
       0
       0
       2
       1
       0
       0
       1
       0
       1
       1
       0
       0
       0
       0
       0
       0
       0
       0
       0
       0
       0
       1
       0
       1
       2
       8
      19
      20
      13
      18
      14
      23
      17
      21
      23
      17
      21
$ROI:
0
$PRESETS:
None
0
0
$ENER_FIT:
0.000000 0.000000
$MCA_CAL:
3
0.000000E+000 0.000000E+000 0.000000E+000
$SHAPE_CAL:
3
0.000000E+000 0.000000E+000 0.000000E+000
