$SPEC_ID:
Cf
$SPEC_REM:
DET# 1
DETDESC# MCB 25
AP# Maestro Version 6.05
$DATE_MEA:
10/07/2015 09:15:42
$MEAS_TIM:
909 911
$DATA:
0 511
       0
       0
       0
       0
       0
       0
      25
    2966
    2732
    2196
    2057
    1997
    2058
    2319
    2671
    2963
    3506
    3323
    1961
    1030
     664
     561
     537
     527
     541
     515
     531
     502
     440
     467
     423
     445
     375
     391
     415
     409
     410
     388
     368
     390
     422
     379
     404
     364
     365
     388
     359
     356
     360
     390
     335
     357
     397
     365
     372
     349
     361
     325
     315
     324
     336
     371
     334
     336
     360
     369
     354
     333
     319
     360
     317
     353
     358
     345
     333
     370
     343
     352
     317
     369
     340
     378
     378
     401
     379
     367
     381
     388
     371
     354
     397
     351
     429
     355
     374
     346
     364
     362
     337
     325
     342
     317
     297
     291
     254
     285
     250
     251
     247
     213
     226
     221
     204
     203
     207
     204
     182
     203
     157
     159
     165
     168
     133
     162
     135
     140
     136
     118
     140
     127
     155
     113
     135
     114
     119
     114
     119
     111
     116
     110
     107
      93
      99
     111
     111
     111
     104
     114
      94
      98
     111
      95
      95
     104
      98
      77
      97
     110
     106
     106
     109
     114
      97
      90
      89
      99
     107
      94
     105
     112
      95
      89
      89
      96
     102
     105
     107
      87
     104
      93
     110
      88
     116
     109
     108
     107
     114
     104
     100
     102
     113
     112
      94
     134
     132
     112
     130
     104
     116
     128
     137
     124
     129
     129
     118
     117
     110
     145
     125
     156
     136
     133
     161
     158
     145
     139
     138
     163
     145
     156
     181
     153
     181
     169
     150
     165
     162
     167
     148
     160
     155
     136
     159
     177
     155
     158
     158
     153
     183
     193
     185
     201
     232
     267
     242
     225
     210
     241
     228
     223
     248
     233
     243
     186
     217
     215
     210
     199
     172
     191
     153
     154
     124
     144
     150
     127
     128
     122
     117
      92
      84
      87
      91
     100
      68
      69
      76
      63
      51
      39
      46
      43
      32
      28
      29
      22
      30
      22
      17
      12
      13
       9
      11
       8
       4
       7
       2
       2
      10
      12
      12
       3
       8
       8
       6
      10
       7
       4
       4
       2
      10
       2
       4
       5
       2
       6
       5
       7
       2
       4
       3
       3
       5
       6
       4
       1
       3
       4
       7
       4
       5
       3
       3
       2
       6
       5
       2
       5
       8
       6
       3
       3
       6
       5
       3
       3
       0
       3
       3
       4
       2
       2
       6
       3
       4
       3
       2
       4
       6
       1
       2
       3
       5
       3
       4
       4
       4
       4
       7
       6
       4
       5
       4
       2
       3
       3
       3
       3
       4
       3
       5
       4
       6
       4
       2
       2
       6
       3
       7
       5
       5
       7
       5
       5
       4
       3
       8
       7
       3
       4
       4
       3
       3
       2
       0
       0
       2
       3
       2
       4
       2
       0
       0
       3
       1
       2
       2
       2
       2
       5
       1
       1
       1
       4
       3
       2
       3
       3
       1
       2
       5
       0
       2
       2
       2
       3
       2
       0
       0
       1
       0
       2
       1
       3
       1
       1
       1
       0
       1
       0
       1
       2
       1
       0
       2
       0
       0
       1
       0
       1
       1
       0
       3
       1
       0
       0
       0
       1
       0
       0
       0
       1
       0
       0
       1
       1
       0
       0
       1
       0
       0
       2
       0
       0
       0
       0
       0
       0
       0
       0
       0
       0
       0
       0
       0
       0
       0
       0
       0
       0
       8
      16
      22
      17
      18
      33
      17
      14
      15
      21
      18
      25
$ROI:
0
$PRESETS:
None
0
0
$ENER_FIT:
0.000000 0.000000
$MCA_CAL:
3
0.000000E+000 0.000000E+000 0.000000E+000
$SHAPE_CAL:
3
0.000000E+000 0.000000E+000 0.000000E+000
