$SPEC_ID:
Cf
$SPEC_REM:
DET# 1
DETDESC# MCB 25
AP# Maestro Version 6.05
$DATE_MEA:
10/07/2015 10:22:24
$MEAS_TIM:
905 909
$DATA:
0 511
       0
       0
       0
       0
       0
       0
      59
   10710
   10503
   10107
   11153
    6373
    2324
    1645
    1653
    1553
    1596
    1630
    1727
    1538
    1579
    1583
    1654
    1670
    1642
    1670
    1601
    1617
    1639
    1688
    1726
    1719
    1723
    1689
    1723
    1727
    1783
    1808
    1758
    1668
    1740
    1792
    1704
    1837
    1710
    1768
    1691
    1728
    1727
    1687
    1793
    1798
    1639
    1716
    1654
    1762
    1709
    1673
    1698
    1616
    1570
    1669
    1627
    1608
    1657
    1581
    1594
    1536
    1533
    1528
    1540
    1476
    1520
    1416
    1437
    1400
    1363
    1448
    1339
    1296
    1253
    1265
    1270
    1234
    1261
    1187
    1153
    1194
    1135
    1197
    1133
    1113
    1082
    1080
    1103
    1028
    1014
     994
    1005
     959
     936
     946
     976
     922
     906
     907
     893
     877
     871
     866
     834
     800
     768
     791
     799
     727
     757
     720
     725
     709
     706
     641
     632
     623
     612
     563
     599
     558
     521
     518
     476
     537
     508
     523
     480
     489
     484
     501
     518
     553
     551
     531
     529
     605
     635
     653
     660
     723
     728
     741
     793
     801
     820
     857
     883
     838
     760
     774
     754
     746
     702
     640
     630
     512
     470
     457
     370
     351
     255
     248
     209
     175
     144
     153
     109
     104
      75
      62
      52
      56
      32
      34
      34
      30
      20
      20
      20
      28
      17
      20
      10
      19
      16
      13
      13
      20
      14
       9
      15
      12
      12
      14
      11
      11
      14
      18
      12
       9
      15
      12
       6
       9
       8
       7
      12
      15
       8
       8
      10
      14
       7
       7
       9
       7
       6
       5
       8
       6
       9
       4
       3
      11
       7
       3
       6
       2
       6
       6
      11
       9
       3
       9
       6
       7
       2
       9
       5
       7
      10
      12
      13
       7
       6
      13
       7
       6
      19
       5
      13
       8
       9
       6
      15
      10
      16
       7
       6
       5
       6
       4
       8
      11
       6
       2
       7
       5
       6
       3
       3
       2
       5
       3
       5
       7
       3
       3
       1
       3
       2
       2
       5
       4
       4
       5
       3
       3
       4
       2
       5
       3
       2
       1
       1
       0
       2
       0
       0
       5
       1
       1
       4
       2
       1
       3
       2
       2
       1
       0
       2
       0
       0
       2
       3
       1
       4
       0
       2
       0
       2
       1
       1
       1
       0
       3
       0
       3
       2
       1
       2
       0
       1
       1
       1
       0
       1
       1
       1
       0
       1
       0
       2
       0
       2
       3
       0
       0
       0
       0
       0
       3
       2
       0
       2
       1
       2
       0
       3
       1
       0
       1
       2
       1
       1
       2
       1
       0
       2
       2
       4
       1
       1
       0
       1
       1
       0
       2
       1
       0
       0
       1
       0
       0
       0
       1
       1
       0
       0
       0
       0
       0
       1
       1
       0
       0
       2
       0
       1
       1
       1
       0
       0
       1
       0
       1
       0
       0
       0
       0
       1
       0
       1
       0
       1
       1
       0
       1
       2
       0
       1
       0
       0
       0
       0
       3
       0
       0
       2
       0
       0
       1
       1
       0
       0
       2
       0
       0
       0
       0
       0
       0
       0
       0
       0
       0
       0
       0
       0
       1
       0
       2
       0
       2
       1
       0
       0
       1
       0
       1
       0
       0
       1
       1
       2
       0
       0
       1
       0
       0
       0
       0
       0
       1
       0
       1
       0
       1
       0
       1
       0
       0
       0
       0
       0
       0
       1
       0
       0
       0
       0
       0
       7
      18
      20
      13
      21
      19
      20
      19
      17
      16
      22
      14
$ROI:
0
$PRESETS:
None
0
0
$ENER_FIT:
0.000000 0.000000
$MCA_CAL:
3
0.000000E+000 0.000000E+000 0.000000E+000
$SHAPE_CAL:
3
0.000000E+000 0.000000E+000 0.000000E+000
