$SPEC_ID:
Cf
$SPEC_REM:
DET# 1
DETDESC# MCB 25
AP# Maestro Version 6.05
$DATE_MEA:
10/07/2015 12:55:37
$MEAS_TIM:
4282 4283
$DATA:
0 511
       0
       0
       0
       0
       0
       0
      14
    1653
    1635
    1492
    1541
    1250
     917
     838
     840
     794
     897
    1065
     978
     748
     574
     528
     531
     480
     454
     452
     448
     408
     391
     427
     427
     425
     414
     371
     405
     357
     343
     349
     335
     368
     310
     336
     316
     333
     335
     325
     300
     263
     273
     290
     257
     279
     294
     268
     276
     290
     270
     256
     238
     254
     241
     246
     248
     248
     211
     222
     204
     235
     211
     224
     216
     211
     216
     187
     209
     210
     178
     205
     184
     161
     204
     170
     161
     186
     164
     204
     220
     233
     199
     182
     181
     150
     158
     176
     151
     149
     163
     163
     137
     134
     143
     143
     138
     149
     116
     115
     126
     129
     138
     111
      87
     107
      79
      99
     105
     105
     100
      87
      79
      66
      96
      90
      91
      79
      63
      91
      78
      70
      80
      75
      62
      63
      48
      70
      73
      54
      55
      54
      57
      57
      50
      68
      63
      60
      63
      65
      76
      58
      69
      72
      63
      67
      59
      55
      83
      72
      72
      60
      66
      76
      59
      74
      68
      66
      74
      55
      37
      58
      55
      52
      45
      49
      28
      37
      31
      37
      33
      29
      34
      30
      28
      33
      27
      31
      24
      25
      27
      23
      29
      24
      21
      26
      23
      27
      26
      20
      21
      31
      22
      29
      23
      24
      26
      10
      26
      18
      26
      26
      26
      27
      20
      21
      32
      26
      24
      12
      19
      20
      25
      21
      24
      25
      29
      17
      24
      19
      16
      22
      21
      20
      17
      22
      28
      25
      24
      11
      20
      19
      24
      13
      13
      20
      26
      20
      25
      22
      28
      37
      32
      39
      46
      47
      37
      46
      48
      44
      59
      48
      49
      48
      46
      52
      45
      57
      46
      56
      35
      37
      30
      40
      32
      33
      25
      29
      27
      28
      27
      32
      22
      36
      24
      32
      15
      37
      24
      21
      13
       9
      19
      19
      16
      12
      15
      14
       9
      14
      13
       9
       8
       4
      11
       6
       8
      11
      13
       9
       4
      12
       7
       6
       3
      10
      16
      11
       9
       9
      13
       6
       7
       7
       6
      10
       5
       5
       3
      10
       9
       4
      11
       4
       8
       5
       9
      11
       3
       5
      12
       6
       3
       7
       9
       5
       4
       8
       6
       9
       3
       3
       3
       3
       4
       5
       4
       4
       3
       3
       3
       2
       5
       3
       3
       5
       2
       5
       3
       6
       4
       3
       2
       6
       3
       4
       4
       6
       3
       4
       5
       3
       2
       3
       4
       1
       2
       4
       3
       2
       2
       2
       5
       5
       2
       3
       4
       4
       3
       3
       4
       4
       5
       4
       1
       1
       1
       4
       2
       3
       3
       3
       4
       3
       1
       3
       1
       2
       2
       4
       3
       3
       1
       2
       6
       4
       0
       2
       2
       2
       1
       1
       1
       2
       2
       0
       0
       2
       1
       2
       3
       1
       1
       3
       2
       0
       3
       0
       2
       1
       3
       2
       3
       6
       3
       1
       2
       3
       0
       2
       2
       1
       0
       1
       2
       1
       2
       0
       2
       1
       0
       4
       2
       2
       0
       3
       4
       1
       4
       3
       1
       3
       1
       4
       0
       2
       1
       1
       2
       3
       1
       0
       0
       1
       1
       1
       0
       2
       2
       2
       3
       0
       1
       1
      42
      81
      93
      90
     103
      93
     102
      85
      84
      92
     102
      87
$ROI:
0
$PRESETS:
None
0
0
$ENER_FIT:
0.000000 0.000000
$MCA_CAL:
3
0.000000E+000 0.000000E+000 0.000000E+000
$SHAPE_CAL:
3
0.000000E+000 0.000000E+000 0.000000E+000
