$SPEC_ID:
Cf
$SPEC_REM:
DET# 1
DETDESC# MCB 25
AP# Maestro Version 6.05
$DATE_MEA:
10/07/2015 09:15:42
$MEAS_TIM:
909 911
$DATA:
0 511
       0
       0
       0
       0
       0
       0
       8
    1096
    1011
     638
     488
     446
     623
     837
    1205
    1829
    2706
    2625
    1403
     444
     134
     108
      74
      77
      69
      53
     115
      57
      56
      87
      48
      71
      49
      11
      41
      50
      63
      26
      11
      76
     108
       0
      61
      30
      47
      68
       0
      32
      27
      99
      18
      76
      98
      48
      41
      65
      81
      37
       0
      87
      20
     126
      46
      35
      69
     111
      63
      58
      22
      69
      32
      45
      81
      66
      50
      83
      37
      35
      33
      82
      30
     101
      89
     106
      70
      45
     115
      62
      78
      26
      85
      25
     140
      45
      89
      83
      71
      73
      42
      58
     128
      96
      88
      78
      54
      88
     103
     122
     126
      75
      75
     103
      71
      86
     117
     118
      90
      73
      36
      83
      86
      75
      48
      66
      55
      63
      57
      43
      56
      58
      86
      42
      50
      32
      52
      35
      47
      47
      36
      43
      26
      28
      39
      39
      34
      44
      35
      53
      12
      19
      46
      28
      31
      27
      42
      13
      29
      20
      26
      35
      20
      43
      21
      29
      13
      23
      44
      25
      34
      37
      28
      22
      22
      27
      48
      30
      31
      19
      40
      36
      33
      20
      43
      52
      36
      42
      43
      50
      25
      39
      49
      37
      15
      80
      57
      57
      59
      23
      40
      59
      82
      56
      69
      58
      51
      48
      38
      64
      61
      96
      72
      64
      84
     114
      66
      88
      62
     106
      77
      88
     130
      89
     113
     121
     107
     118
     103
     112
     104
     114
     111
     115
     127
     145
     136
     123
     131
     125
     165
     170
     157
     176
     210
     236
     215
     203
     199
     226
     214
     205
     227
     218
     233
     168
     204
     197
     191
     172
     157
     177
     142
     147
     111
     133
     137
     118
     121
     111
     108
      87
      81
      74
      80
      87
      65
      56
      67
      58
      41
      36
      37
      34
      31
      25
      19
      17
      25
      13
      12
       7
      10
       6
       5
       0
       2
       5
       0
       0
       8
      11
       2
       0
       6
       5
       1
       0
       5
       0
       2
       1
       7
       1
       1
       0
       1
       3
       3
       5
       0
       2
       0
       2
       0
       1
       0
       0
       2
       2
       2
       3
       2
       0
       0
       0
       3
       5
       0
       3
       5
       0
       0
       3
       4
       3
       0
       1
       0
       1
       0
       2
       1
       0
       1
       1
       2
       0
       0
       0
       0
       0
       1
       0
       0
       0
       3
       2
       3
       0
       2
       3
       0
       3
       3
       0
       1
       1
       2
       0
       0
       2
       3
       2
       1
       2
       0
       0
       3
       1
       5
       0
       4
       6
       4
       3
       0
       0
       5
       5
       0
       2
       0
       0
       1
       2
       0
       0
       0
       0
       0
       4
       0
       0
       0
       1
       0
       2
       2
       2
       1
       4
       0
       1
       0
       2
       3
       0
       2
       1
       1
       1
       5
       0
       2
       2
       2
       2
       2
       0
       0
       0
       0
       1
       1
       3
       1
       1
       1
       0
       0
       0
       1
       2
       1
       0
       2
       0
       0
       1
       0
       1
       0
       0
       3
       1
       0
       0
       0
       0
       0
       0
       0
       1
       0
       0
       1
       1
       0
       0
       1
       0
       0
       2
       0
       0
       0
       0
       0
       0
       0
       0
       0
       0
       0
       0
       0
       0
       0
       0
       0
       0
       1
       2
       0
       0
       0
      10
       8
       3
       0
       2
       0
       8
$ROI:
2
70 126
198 292
$PRESETS:
None
0
0
$ENER_FIT:
0.000000 0.000000
$MCA_CAL:
3
0.000000E+000 0.000000E+000 0.000000E+000
$SHAPE_CAL:
3
0.000000E+000 0.000000E+000 0.000000E+000
