$SPEC_ID:
Cf
$SPEC_REM:
DET# 1
DETDESC# MCB 25
AP# Maestro Version 6.05
$DATE_MEA:
10/09/2015 11:43:49
$MEAS_TIM:
3790 3791
$DATA:
0 511
       0
       0
       0
       0
       0
       0
      14
    1436
    1492
    1329
    1333
    1073
     860
     772
     701
     725
     786
     947
     822
     663
     587
     485
     445
     407
     411
     398
     361
     406
     344
     350
     352
     368
     321
     335
     298
     280
     321
     308
     311
     314
     315
     290
     266
     282
     287
     275
     244
     265
     241
     272
     254
     237
     267
     261
     251
     201
     251
     221
     221
     209
     210
     194
     230
     216
     213
     180
     194
     188
     190
     176
     177
     193
     197
     197
     194
     197
     165
     162
     169
     181
     151
     156
     178
     158
     160
     198
     205
     180
     170
     169
     148
     145
     118
     146
     125
     131
     119
     124
     144
     106
     113
     116
     113
     117
     111
     120
     101
      94
      94
      73
     108
      83
      97
      88
      75
      89
      67
      82
      89
     104
      85
      81
      83
      66
      75
      73
      67
      67
      65
      70
      66
      53
      53
      57
      62
      58
      56
      56
      59
      50
      60
      50
      63
      58
      51
      62
      61
      57
      53
      58
      57
      56
      68
      53
      69
      53
      70
      52
      86
      66
      58
      83
      55
      48
      52
      47
      40
      42
      47
      46
      41
      30
      39
      19
      27
      34
      28
      28
      33
      32
      15
      25
      16
      34
      23
      23
      23
      25
      24
      23
      27
      17
      27
      16
      24
      23
      18
      24
      28
      19
      20
      26
      23
      21
      20
      20
      16
      21
      20
      20
      18
      15
      20
      22
      16
      19
      16
      17
      25
      17
      22
      19
      18
      13
      24
      21
      24
      11
      23
      14
      19
      14
      14
      13
      16
      19
      14
      18
      19
      19
      21
      24
      22
      22
      22
      19
      23
      43
      33
      38
      32
      46
      38
      44
      43
      58
      54
      52
      40
      41
      38
      44
      57
      30
      39
      32
      29
      30
      27
      34
      33
      31
      21
      16
      21
      25
      29
      23
      23
      20
      26
      28
      17
      12
      10
       9
      18
      10
      16
      18
       9
      12
      14
      12
      21
       7
       4
      10
      10
       9
      10
      14
       6
       9
      11
       6
       4
      13
       5
       8
       4
       9
       6
       9
       8
       6
       4
       5
      11
      10
       6
       9
       2
       6
       6
       5
       7
       3
       6
       6
       6
       5
       9
       7
       2
       8
       7
       4
       3
       5
       3
       3
       3
       3
       6
       6
       2
       5
       7
       4
       4
       6
       3
       4
       3
       3
       1
       4
       2
       5
       4
       5
       3
       2
       4
       2
       2
       1
       2
       5
       5
       1
       3
       2
       1
       3
       1
       4
       2
       2
       4
       5
       2
       1
       6
       1
       3
       1
       1
       1
       2
       6
       4
       1
       4
       3
       0
       3
       2
       2
       2
       1
       2
       1
       3
       3
       2
       2
       0
       3
       3
       1
       2
       2
       2
       3
       3
       5
       1
       2
       3
       2
       2
       4
       1
       1
       1
       0
       0
       3
       2
       0
       0
       2
       2
       0
       1
       0
       0
       2
       2
       5
       0
       1
       2
       2
       2
       0
       2
       0
       2
       0
       0
       0
       4
       1
       3
       2
       2
       1
       1
       0
       0
       2
       3
       6
       2
       0
       0
       0
       1
       0
       1
       1
       3
       0
       1
       1
       1
       2
       1
       0
       0
       1
       2
       0
       2
       3
       2
       1
       1
       2
       4
       2
       1
       0
       2
       2
       3
       1
      42
      78
      72
      82
      69
      79
      64
      68
      86
      76
      82
      76
$ROI:
0
$PRESETS:
None
0
0
$ENER_FIT:
0.000000 0.000000
$MCA_CAL:
3
0.000000E+000 0.000000E+000 0.000000E+000
$SHAPE_CAL:
3
0.000000E+000 0.000000E+000 0.000000E+000
