$SPEC_ID:
Cf
$SPEC_REM:
DET# 1
DETDESC# MCB 25
AP# Maestro Version 6.05
$DATE_MEA:
10/09/2015 10:35:48
$MEAS_TIM:
1199 1200
$DATA:
0 511
       0
       0
       0
       0
       0
       0
      12
    2166
    2116
    1886
    1813
    1779
    1717
    1777
    1778
    1265
    1014
     841
     704
     657
     588
     583
     556
     556
     556
     559
     523
     509
     454
     422
     448
     459
     436
     443
     430
     403
     410
     424
     391
     369
     389
     417
     355
     364
     403
     392
     370
     384
     369
     375
     355
     378
     356
     345
     379
     362
     333
     365
     332
     359
     334
     326
     329
     332
     321
     323
     343
     349
     326
     316
     320
     305
     321
     338
     341
     321
     314
     350
     304
     333
     348
     339
     319
     343
     368
     381
     327
     310
     322
     330
     372
     322
     334
     328
     309
     327
     325
     309
     275
     315
     248
     283
     245
     232
     210
     214
     196
     177
     177
     152
     143
     156
     138
     156
     127
     122
     124
     119
     117
     106
     130
     114
     126
     115
     115
      99
      82
      92
     105
      73
     105
     101
     107
      84
      73
     109
      81
      84
      93
      83
      88
      79
      76
      95
      80
      93
      64
      69
      84
      89
      89
      97
      84
      75
      94
      99
      88
      83
      85
      85
      89
      74
      81
      71
      89
      85
      68
      75
      89
      70
      77
      87
      78
      86
      82
      85
      80
      73
      78
      82
      77
      67
      90
      72
      89
      94
      81
      81
      82
      71
      84
      79
      82
      71
      90
      80
      71
      88
      81
      87
      96
      82
      68
      89
      84
      79
      89
     104
      79
      92
      81
      74
      78
      88
      92
      67
      73
      88
      84
      81
      66
      57
      71
      67
      65
      52
      61
      52
      46
      65
      59
      39
      46
      35
      37
      32
      33
      20
      22
      31
      23
      26
      29
      23
      24
      24
      25
      16
      13
      25
      18
      27
      18
      29
      18
      15
      17
      21
      24
      17
      16
      21
      19
      15
      26
      15
      18
      10
      15
      10
      17
       9
      11
      14
      12
      11
      12
      11
       8
       4
       7
       5
      12
       9
       3
      13
       9
      12
      10
       8
       5
       6
       6
       7
       3
       9
       4
       6
       4
      12
       5
       4
       4
       2
       5
      10
       3
       8
       4
       7
       9
       5
       3
      11
       4
       6
       2
       3
       6
       8
       3
       4
       8
       0
       5
       8
       6
       6
       2
      10
       7
       7
       3
       5
       7
       3
       2
       8
       4
       8
       5
       5
       7
       0
       5
       7
       6
       3
       4
       3
       3
       6
       6
       1
       8
       7
       7
       5
       3
       6
       3
       6
       1
       1
       3
       5
       5
       4
       3
       4
       7
       5
       2
       4
       3
       2
       5
       9
       4
       3
       4
       4
       7
       3
       3
       3
       4
       4
       4
       6
       5
       0
       5
       5
       2
       5
       3
       1
       3
       4
       4
       3
       1
       4
       3
       5
       1
       6
       4
       4
       0
       2
       3
       3
       3
       5
       4
       0
       0
       1
       2
       2
       3
       2
       1
       2
       2
       1
       2
       0
       1
       2
       1
       0
       0
       2
       3
       0
       0
       0
       0
       0
       1
       2
       1
       1
       3
       0
       0
       0
       2
       0
       1
       0
       1
       0
       1
       1
       0
       0
       0
       1
       0
       1
       0
       1
       0
       1
       0
       0
       1
       0
       0
       1
       1
       1
       0
       0
       1
       0
       0
       1
       0
       0
       0
       0
       0
       0
       1
       0
       2
       0
       1
       0
       0
       1
       0
       0
       0
       1
      10
      23
      23
      15
      18
      25
      22
      20
      32
      16
      18
      25
$ROI:
0
$PRESETS:
None
0
0
$ENER_FIT:
0.000000 0.000000
$MCA_CAL:
3
0.000000E+000 0.000000E+000 0.000000E+000
$SHAPE_CAL:
3
0.000000E+000 0.000000E+000 0.000000E+000
