$SPEC_ID:
Cf
$SPEC_REM:
DET# 1
DETDESC# MCB 25
AP# Maestro Version 6.05
$DATE_MEA:
10/09/2015 10:14:17
$MEAS_TIM:
1197 1200
$DATA:
0 511
       0
       0
       0
       0
       0
       0
      28
    3862
    3503
    2868
    2707
    2585
    2786
    3131
    3570
    4082
    4787
    4110
    2333
    1212
     771
     750
     727
     679
     718
     681
     671
     614
     596
     603
     546
     588
     529
     533
     574
     507
     515
     519
     537
     481
     530
     542
     513
     488
     482
     471
     469
     479
     504
     441
     449
     414
     479
     442
     439
     439
     453
     439
     481
     475
     443
     409
     448
     471
     449
     484
     401
     447
     425
     446
     445
     434
     425
     466
     415
     425
     458
     459
     471
     449
     449
     504
     481
     478
     512
     484
     504
     507
     489
     532
     479
     520
     497
     500
     522
     478
     447
     478
     402
     428
     442
     402
     403
     353
     359
     334
     369
     347
     302
     316
     296
     307
     277
     278
     243
     241
     266
     233
     226
     223
     195
     208
     196
     183
     182
     172
     189
     165
     160
     156
     172
     140
     147
     173
     157
     147
     158
     133
     146
     178
     155
     133
     130
     127
     157
     135
     132
     153
     129
     117
     135
     154
     109
     101
     124
     107
     127
     132
     136
     136
     127
     150
     135
     146
     151
     115
     116
     125
     138
     141
     137
     136
     136
     101
     133
     133
     136
     113
     132
     135
     144
     122
     131
     106
     127
     134
     157
     148
     149
     155
     148
     162
     133
     154
     151
     156
     145
     184
     175
     181
     150
     159
     172
     176
     190
     153
     197
     189
     151
     191
     188
     179
     179
     200
     181
     189
     184
     210
     215
     222
     225
     228
     214
     218
     206
     209
     204
     219
     236
     221
     236
     195
     202
     247
     244
     243
     259
     269
     290
     285
     280
     296
     296
     262
     313
     295
     296
     303
     296
     299
     286
     288
     301
     273
     239
     250
     275
     241
     198
     229
     177
     180
     177
     172
     128
     149
     136
     135
     130
     114
     112
      83
      97
      85
      78
      64
      68
      60
      57
      63
      43
      54
      44
      34
      35
      29
      19
      17
      18
      26
      18
      15
      13
      10
      13
      11
       8
       7
       6
       8
       9
       4
       4
       9
       8
       4
       5
       5
       9
      11
       3
       3
       3
       8
       5
       5
       3
       6
       4
       8
       6
       7
       4
       4
       2
       2
       8
       5
       7
       6
       7
       5
       3
       8
       4
       4
       9
       5
       6
       6
       3
       4
       8
       3
      12
       5
       2
       7
       1
       3
       8
       6
       9
       4
      10
       3
       9
       4
       7
       2
       6
       3
       7
       3
       2
      11
       1
       5
       4
       5
       7
       5
       5
       7
       6
       3
       5
       6
       3
       1
       2
       2
       7
       8
       5
       3
       2
       4
       5
       7
       3
       4
       5
       8
       6
       5
       5
       4
       4
       5
       6
       3
       5
       4
       3
       1
       1
       5
       7
       4
       5
       5
       2
       4
       1
       0
       2
       3
       3
       3
       5
       2
       4
       3
       2
       1
       2
       1
       3
       0
       1
       2
       0
       2
       1
       0
       1
       1
       4
       1
       0
       2
       0
       3
       3
       2
       2
       3
       1
       2
       0
       2
       2
       1
       2
       0
       1
       0
       0
       1
       1
       1
       2
       0
       0
       0
       1
       1
       0
       1
       1
       4
       0
       0
       0
       0
       1
       1
       0
       0
       1
       0
       0
       0
       1
       0
       1
       0
       1
       0
       0
       0
       0
       0
       0
       1
       1
       0
       0
       1
      16
      20
      30
      23
      20
      22
      17
      25
      27
      23
      26
      23
$ROI:
0
$PRESETS:
None
0
0
$ENER_FIT:
0.000000 0.000000
$MCA_CAL:
3
0.000000E+000 0.000000E+000 0.000000E+000
$SHAPE_CAL:
3
0.000000E+000 0.000000E+000 0.000000E+000
