$SPEC_ID:
Cf
$SPEC_REM:
DET# 1
DETDESC# MCB 25
AP# Maestro Version 6.05
$DATE_MEA:
10/09/2015 09:15:20
$MEAS_TIM:
896 900
$DATA:
0 511
       0
       0
       0
       0
       0
       0
      51
    9459
    9977
    9556
   10202
    5260
    1959
    1591
    1523
    1565
    1515
    1596
    1607
    1498
    1552
    1500
    1458
    1619
    1548
    1509
    1588
    1552
    1547
    1614
    1550
    1535
    1629
    1670
    1610
    1589
    1623
    1604
    1709
    1606
    1610
    1673
    1638
    1626
    1739
    1687
    1618
    1681
    1599
    1644
    1651
    1636
    1653
    1639
    1638
    1556
    1542
    1512
    1589
    1562
    1571
    1548
    1526
    1476
    1508
    1512
    1461
    1472
    1470
    1440
    1442
    1398
    1460
    1334
    1386
    1361
    1283
    1298
    1214
    1283
    1245
    1236
    1225
    1208
    1164
    1103
    1088
    1136
    1069
    1067
     979
    1093
     964
    1048
     964
     934
     912
     957
     922
     881
     861
     913
     829
     901
     919
     838
     830
     762
     798
     735
     805
     757
     759
     761
     714
     728
     677
     651
     719
     660
     640
     624
     614
     546
     571
     550
     527
     518
     483
     499
     527
     472
     465
     473
     465
     462
     463
     480
     450
     477
     478
     522
     560
     530
     554
     598
     607
     625
     622
     735
     701
     711
     758
     780
     775
     744
     749
     802
     732
     655
     613
     633
     596
     468
     469
     420
     409
     340
     279
     233
     212
     179
     127
     121
     118
      86
      75
      70
      69
      55
      32
      41
      33
      30
      19
      24
      25
      21
      16
      18
      14
      10
      16
      14
      12
       8
      16
      15
      13
      17
      16
      10
      12
       3
      10
       7
      11
      11
       8
      12
      10
       7
       9
      14
       5
       9
      18
       6
      10
       7
      11
       9
       8
       8
      10
       9
       6
       9
      11
       5
       5
       4
       2
       6
       7
       3
       5
       9
       4
       4
       7
       6
       5
      10
       7
       4
       7
       4
       7
       9
      11
       9
      12
       9
       8
       9
       9
       9
      13
       9
      14
      15
       7
      17
       9
      10
      11
       7
       8
       4
      10
      15
       4
       5
       8
       4
       8
       3
       2
       6
       4
       6
      10
       6
      11
       7
       2
       3
       3
       4
       5
       4
       4
       6
       0
       0
       2
       2
       4
       4
       1
       0
       1
       2
       3
       1
       0
       0
       0
       3
       2
       2
       2
       2
       3
       3
       2
       2
       3
       1
       0
       2
       0
       2
       1
       0
       1
       1
       3
       0
       1
       1
       4
       2
       1
       0
       0
       0
       1
       1
       2
       3
       1
       0
       0
       1
       1
       0
       3
       2
       0
       0
       0
       0
       2
       0
       2
       0
       0
       0
       0
       2
       1
       3
       0
       0
       1
       1
       0
       1
       1
       0
       1
       1
       0
       1
       1
       1
       1
       0
       0
       0
       1
       0
       0
       2
       2
       1
       1
       0
       0
       0
       0
       0
       1
       0
       0
       0
       1
       1
       2
       0
       0
       1
       1
       0
       0
       1
       1
       0
       0
       0
       2
       0
       2
       0
       0
       0
       1
       0
       1
       1
       1
       0
       0
       0
       0
       0
       0
       0
       0
       0
       0
       1
       0
       1
       1
       0
       0
       0
       1
       0
       0
       0
       1
       1
       1
       1
       0
       0
       1
       0
       0
       1
       0
       0
       0
       2
       0
       0
       0
       0
       0
       0
       0
       0
       0
       0
       0
       0
       0
       1
       0
       0
       1
       0
       0
       0
       1
       0
       0
       0
       0
       0
       1
       0
       0
       0
       0
       0
       1
       0
       1
       0
       1
       0
       0
       0
       0
       1
      10
      20
      17
      17
      19
      15
      12
      21
      22
      27
      12
      25
$ROI:
0
$PRESETS:
None
0
0
$ENER_FIT:
0.000000 0.000000
$MCA_CAL:
3
0.000000E+000 0.000000E+000 0.000000E+000
$SHAPE_CAL:
3
0.000000E+000 0.000000E+000 0.000000E+000
