$SPEC_ID:
Cf
$SPEC_REM:
DET# 1
DETDESC# MCB 25
AP# Maestro Version 6.05
$DATE_MEA:
10/09/2015 09:32:25
$MEAS_TIM:
899 900
$DATA:
0 511
       0
       0
       0
       0
       0
       0
      15
    3586
    2988
    1296
     805
     661
     562
     569
     526
     539
     565
     572
     546
     483
     478
     411
     430
     457
     424
     395
     431
     377
     376
     403
     343
     382
     371
     346
     361
     337
     337
     381
     319
     306
     328
     330
     312
     317
     332
     317
     287
     334
     300
     296
     272
     299
     290
     290
     279
     297
     310
     276
     318
     282
     290
     279
     288
     286
     307
     302
     262
     266
     255
     266
     247
     259
     242
     264
     241
     289
     253
     242
     241
     229
     253
     261
     265
     263
     267
     239
     284
     280
     298
     215
     253
     275
     285
     274
     286
     282
     254
     282
     270
     305
     301
     281
     291
     285
     281
     259
     309
     315
     314
     307
     295
     310
     322
     304
     318
     278
     260
     284
     252
     279
     270
     253
     202
     199
     197
     188
     171
     155
     145
     118
     133
      80
     105
     104
      84
      74
      62
      75
      69
      53
      63
      37
      40
      47
      35
      44
      26
      26
      22
      28
      27
      20
      20
      16
      13
      15
      21
      13
      15
      15
      20
      26
      20
      18
      19
       9
       9
       7
      11
      10
      14
       8
      12
       5
       7
       5
       7
      10
      12
       5
       5
       7
       6
       6
       2
       5
       6
       5
       8
       7
       5
       6
       3
       8
       2
       4
       6
       5
       3
       5
       5
       8
       6
       7
       8
       8
       2
       7
       8
       6
       2
       4
       3
       2
       5
       1
       4
       3
      10
       4
       9
       9
       3
       3
       6
       6
       4
       3
       3
       3
       6
       6
       4
       6
       5
       5
       4
       6
       6
       4
       4
       6
       4
       2
       5
      10
       8
       4
       8
       7
       2
       2
      10
      14
      11
       8
      10
      11
      10
      13
      10
       8
       8
      11
       8
       9
      11
       7
       8
       8
       5
       3
       3
       3
       9
       4
       8
       8
       3
       6
       9
       6
       6
       6
       6
       2
       2
       3
       0
       3
       7
       1
       2
       2
       3
       2
       1
       2
       2
       4
       0
       0
       1
       3
       2
       3
       2
       1
       0
       1
       0
       0
       4
       0
       0
       0
       2
       0
       1
       1
       1
       3
       1
       0
       2
       0
       2
       2
       0
       1
       1
       1
       1
       0
       1
       1
       0
       0
       1
       1
       2
       0
       1
       3
       1
       1
       0
       1
       1
       0
       0
       1
       2
       2
       0
       0
       0
       1
       0
       0
       1
       2
       4
       0
       1
       0
       1
       0
       0
       1
       1
       1
       1
       1
       0
       1
       2
       2
       1
       0
       0
       0
       0
       0
       1
       0
       1
       0
       0
       1
       1
       1
       0
       0
       2
       0
       1
       0
       1
       1
       0
       1
       0
       0
       1
       4
       0
       3
       0
       0
       0
       1
       2
       1
       0
       0
       1
       2
       0
       1
       0
       0
       0
       0
       0
       0
       0
       1
       0
       0
       0
       1
       0
       0
       0
       3
       1
       0
       0
       2
       0
       0
       0
       1
       0
       0
       0
       1
       0
       0
       0
       0
       2
       0
       0
       0
       0
       1
       0
       0
       2
       0
       0
       0
       0
       0
       0
       0
       0
       0
       0
       2
       0
       0
       0
       0
       0
       0
       0
       0
       0
       0
       0
       0
       0
       1
       0
       1
       0
       0
       0
       0
       0
       0
       0
       1
       0
       1
       0
       0
      13
      15
      12
      18
      12
      19
      18
      18
      18
      11
      20
      19
$ROI:
0
$PRESETS:
None
0
0
$ENER_FIT:
0.000000 0.000000
$MCA_CAL:
3
0.000000E+000 0.000000E+000 0.000000E+000
$SHAPE_CAL:
3
0.000000E+000 0.000000E+000 0.000000E+000
