$SPEC_ID:
Cf
$SPEC_REM:
DET# 1
DETDESC# MCB 25
AP# Maestro Version 6.05
$DATE_MEA:
10/09/2015 12:52:29
$MEAS_TIM:
3757 3793
$DATA:
0 511
       0
       0
       0
       0
       0
       0
      56
   43852
   59205
   61366
   61620
   61502
   60535
   58470
   56642
   53680
   50003
   46007
   41569
   36827
   31602
   26907
   22162
   17863
   14040
   10468
    7585
    5173
    3698
    2851
    2380
    2297
    2354
    2219
    2341
    2364
    2359
    2308
    2333
    2451
    2415
    2366
    2536
    2492
    2554
    2454
    2495
    2572
    2520
    2655
    2641
    2641
    2711
    2719
    2723
    2755
    2922
    2815
    2873
    2893
    2903
    2973
    2928
    3056
    3107
    3009
    2935
    3025
    3075
    3043
    3090
    3240
    3137
    3105
    3398
    3345
    3294
    3332
    3286
    3281
    3405
    3356
    3378
    3420
    3509
    3580
    3469
    3573
    3554
    3606
    3602
    3538
    3616
    3511
    3637
    3597
    3609
    3555
    3604
    3804
    3698
    3765
    3761
    3679
    3724
    3766
    3776
    3882
    3759
    3711
    3765
    3945
    3875
    3919
    3807
    3897
    3946
    3899
    3860
    3888
    3912
    3979
    4052
    3988
    4085
    3994
    4035
    4045
    4007
    4002
    3900
    4017
    4096
    4138
    3996
    4068
    4032
    4039
    4193
    4080
    4103
    4059
    4024
    4158
    4144
    4200
    4178
    4187
    4234
    4091
    4134
    4045
    4093
    4170
    4033
    4309
    4086
    4110
    4150
    4151
    4237
    4139
    4219
    4111
    4134
    4350
    4167
    4119
    4196
    4109
    4171
    4060
    4113
    4092
    4074
    4038
    4055
    4028
    4100
    4110
    4077
    4170
    3936
    4050
    4044
    4017
    4059
    4093
    4107
    3970
    3867
    4009
    3944
    3991
    3933
    3941
    3920
    3913
    3761
    3894
    3810
    3927
    3995
    3928
    3942
    3884
    3776
    3838
    3815
    3826
    3661
    3795
    3764
    3882
    3690
    3758
    3669
    3775
    3467
    3670
    3667
    3588
    3606
    3668
    3586
    3495
    3689
    3527
    3502
    3655
    3527
    3528
    3491
    3400
    3359
    3354
    3476
    3343
    3267
    3273
    3343
    3181
    3317
    3201
    3315
    3277
    3214
    3242
    3196
    3130
    3066
    3013
    3063
    3034
    3066
    2955
    3028
    3010
    3022
    3016
    2925
    2900
    2905
    2890
    2786
    2853
    2796
    2759
    2732
    2769
    2694
    2608
    2595
    2591
    2688
    2676
    2607
    2572
    2542
    2492
    2496
    2415
    2417
    2303
    2353
    2345
    2346
    2255
    2282
    2305
    2177
    2195
    2109
    2092
    2064
    2096
    2044
    2052
    1969
    1934
    1966
    2032
    1901
    1850
    1871
    1871
    1842
    1901
    1829
    1739
    1747
    1761
    1785
    1714
    1726
    1590
    1681
    1588
    1533
    1528
    1555
    1444
    1478
    1455
    1403
    1440
    1385
    1368
    1330
    1292
    1276
    1330
    1214
    1170
    1233
    1240
    1122
    1126
    1123
    1091
    1127
    1115
    1031
    1022
     989
    1006
     986
     995
     952
     932
     858
     867
     870
     865
     808
     803
     810
     760
     742
     686
     703
     663
     685
     688
     642
     657
     609
     620
     545
     565
     562
     541
     501
     517
     500
     501
     493
     486
     421
     422
     408
     411
     379
     354
     334
     340
     355
     329
     314
     291
     278
     253
     248
     249
     228
     235
     236
     197
     196
     212
     204
     166
     169
     166
     151
     127
     129
     121
     111
     100
      93
     114
      87
      85
      86
     104
      77
      68
      66
      53
      53
      63
      57
      38
      55
      50
      41
      33
      42
      32
      26
      19
      16
      17
      14
      16
      19
      15
      17
       9
      10
      16
      10
       8
       8
      12
       8
       8
       6
       4
       5
       2
       3
       3
       4
       1
       2
       1
       2
       1
       5
       2
       1
       3
       3
       1
       3
       1
       2
       1
       2
       2
       3
       1
       1
       3
       0
       3
       5
       1
       3
       2
       4
       1
       4
       1
       0
       0
       1
       0
       3
       1
       0
       3
       0
       1
       1
       3
       2
       4
      41
      75
      82
      84
     104
      85
      73
      84
      79
      69
      76
      79
$ROI:
0
$PRESETS:
None
0
0
$ENER_FIT:
0.000000 0.000000
$MCA_CAL:
3
0.000000E+000 0.000000E+000 0.000000E+000
$SHAPE_CAL:
3
0.000000E+000 0.000000E+000 0.000000E+000
