$SPEC_ID:
Cf
$SPEC_REM:
DET# 1
DETDESC# MCB 25
AP# Maestro Version 6.05
$DATE_MEA:
10/08/2015 12:50:41
$MEAS_TIM:
3682 3683
$DATA:
0 511
       0
       0
       0
       0
       0
       0
      16
    1395
    1432
    1366
    1343
    1070
     746
     742
     704
     723
     735
     942
     845
     610
     560
     465
     479
     440
     384
     395
     390
     423
     349
     316
     313
     349
     320
     315
     322
     309
     294
     300
     308
     297
     302
     318
     291
     264
     243
     280
     250
     268
     263
     248
     212
     221
     249
     238
     215
     250
     242
     238
     259
     216
     238
     205
     214
     199
     208
     197
     215
     188
     189
     184
     154
     188
     183
     155
     167
     185
     158
     141
     165
     175
     166
     196
     175
     158
     158
     162
     173
     191
     177
     175
     156
     133
     159
     149
     127
     146
     139
     134
     111
     136
     127
     126
     122
     113
     113
     105
     100
      98
      83
      85
     110
      94
     108
      83
      82
      73
      83
      79
      66
      78
      90
      66
      79
      71
      72
      63
      69
      54
      66
      69
      51
      52
      70
      57
      49
      53
      54
      45
      56
      63
      64
      64
      64
      55
      57
      53
      56
      59
      52
      56
      64
      66
      69
      65
      75
      68
      76
      68
      58
      70
      57
      63
      58
      56
      54
      57
      49
      42
      39
      40
      34
      39
      30
      26
      25
      31
      19
      20
      28
      28
      18
      20
      17
      22
      32
      15
      16
      20
      12
      26
      19
      14
      19
      21
      20
      20
      15
      24
      28
      18
      16
      26
      26
      27
      19
      24
      18
      27
      25
      14
      16
      25
      20
      25
      22
      20
      18
      24
      15
      19
      21
      20
      18
      20
      19
      17
      21
      21
      15
      29
      14
      16
      19
      16
      11
      13
      15
      14
      12
      19
      19
      21
      24
      12
      32
      27
      28
      32
      47
      25
      24
      34
      39
      43
      32
      45
      47
      43
      36
      40
      47
      45
      38
      36
      35
      38
      34
      31
      30
      31
      31
      33
      20
      23
      25
      23
      16
      26
      13
      16
      25
      19
      24
       9
      19
      12
      15
      16
      18
      12
      16
       8
      11
      12
      12
      12
      12
       8
       9
       9
      12
       6
       7
      13
       7
      12
       6
       9
       6
       7
       5
       9
       3
       9
       9
       5
       8
       2
       6
       4
       7
       7
       6
       2
       6
      10
       8
       4
       6
       6
       8
       6
       5
       8
       4
       3
       3
       3
       1
       6
       7
       4
       7
       3
      10
       2
       2
       7
       3
       6
       2
       0
       5
       5
       1
       2
       2
       2
       4
       2
       3
       4
       3
       6
       5
       4
       0
       5
       2
       1
       3
       3
       6
       4
       2
       3
       2
       3
       4
       2
       5
       1
       2
       0
       3
       3
       3
       3
       6
       3
       1
       3
       4
       5
       2
       3
       3
       1
       0
       3
       7
       2
       3
       2
       0
       1
       1
       4
       0
       0
       4
       3
       2
       2
       1
       3
       1
       3
       0
       1
       1
       0
       1
       2
       2
       1
       0
       2
       2
       3
       1
       1
       2
       0
       1
       3
       1
       1
       1
       1
       2
       0
       3
       0
       0
       7
       2
       1
       0
       4
       1
       0
       0
       3
       0
       0
       1
       1
       0
       2
       1
       3
       0
       3
       2
       2
       1
       0
       3
       1
       1
       1
       0
       0
       0
       1
       1
       1
       2
       1
       0
       2
       4
       0
       2
       2
       0
       0
       1
       1
       2
       1
       6
       1
       1
       1
       3
       2
       0
       2
      37
      79
      77
      64
      78
      65
      80
      61
      65
      79
      84
      64
$ROI:
0
$PRESETS:
None
0
0
$ENER_FIT:
0.000000 0.000000
$MCA_CAL:
3
0.000000E+000 0.000000E+000 0.000000E+000
$SHAPE_CAL:
3
0.000000E+000 0.000000E+000 0.000000E+000
