$SPEC_ID:
Cf
$SPEC_REM:
DET# 1
DETDESC# MCB 25
AP# Maestro Version 6.05
$DATE_MEA:
10/08/2015 09:32:36
$MEAS_TIM:
1318 1320
$DATA:
0 511
       0
       0
       0
       0
       0
       0
      21
    2510
    2330
    2136
    2064
    1897
    2028
    2074
    2073
    1515
    1100
     909
     865
     721
     675
     675
     660
     589
     603
     609
     572
     597
     573
     522
     506
     564
     474
     450
     497
     480
     470
     473
     448
     485
     470
     420
     457
     433
     400
     429
     426
     406
     443
     406
     428
     411
     406
     427
     395
     434
     381
     422
     415
     394
     399
     388
     377
     381
     373
     374
     356
     368
     412
     369
     395
     393
     351
     427
     382
     390
     400
     374
     369
     381
     385
     373
     389
     403
     399
     394
     419
     390
     388
     392
     405
     421
     380
     404
     369
     382
     385
     344
     332
     329
     312
     277
     303
     275
     254
     238
     221
     227
     211
     201
     178
     165
     159
     143
     167
     141
     112
     153
     124
     122
     118
     115
     115
     123
     116
      94
     108
     121
     113
     113
     112
     101
      96
      99
     117
     105
      93
      84
     113
     100
      97
      97
      89
      94
      86
      99
      78
     101
      91
     122
      95
     103
      95
      83
     105
      95
     103
      86
      98
     108
      79
     104
     114
      85
      88
      85
      87
      90
      80
      85
     100
      87
      89
      95
      91
      87
      97
      83
      80
      84
      94
      94
      86
      92
      70
      91
      86
      74
     103
      87
      69
      75
     116
      92
     104
      98
     106
     110
      91
      99
     104
     112
     101
      92
      95
     104
     100
     100
     101
     100
     101
     100
      98
     103
      84
      83
      94
     103
      90
      93
      76
      77
      56
      77
      72
      64
      67
      59
      61
      60
      56
      54
      44
      56
      42
      37
      39
      37
      32
      30
      39
      40
      35
      24
      20
      24
      26
      15
      30
      24
      35
      21
      17
      14
      14
      20
      21
      24
      20
      29
      14
      14
      26
      24
      20
      13
      18
      21
      14
      13
      21
      10
      17
      19
      12
      19
      14
      12
      16
      12
       5
      12
       4
      11
       8
      11
      11
       4
      10
       8
       4
       7
       6
       1
       7
       8
       2
       7
       7
       9
       4
       5
       9
       7
       2
       6
       2
       9
       9
       5
       8
       7
       7
       5
       7
       3
       4
       7
       3
       6
       7
       5
       7
       3
       4
       5
       3
       3
       3
       6
       3
       3
       7
       4
       6
       3
       1
       6
       9
       4
       5
       9
       4
       4
       5
       2
       6
       6
       6
       5
       4
       3
       4
       6
       3
       5
       4
       7
       6
       6
       4
      10
       2
       6
       7
       2
       4
       9
       8
       2
       6
       4
       7
       4
       3
       5
       1
       4
       4
       4
       6
       5
       3
       4
       2
       6
       3
       9
       4
       1
       5
       0
       1
       8
       6
       6
       5
       5
       6
       5
       1
       8
       2
       3
       4
       3
       0
       3
       5
       4
       5
       3
       4
       4
       3
       3
       2
       8
       3
       1
       2
       6
       4
       2
       1
       2
       1
       2
       2
       2
       2
       0
       0
       0
       1
       0
       1
       1
       0
       1
       1
       3
       0
       0
       0
       2
       0
       2
       2
       1
       1
       4
       0
       0
       0
       0
       1
       2
       1
       0
       2
       0
       0
       1
       1
       0
       0
       0
       0
       1
       0
       0
       2
       1
       0
       1
       0
       0
       0
       0
       2
       0
       0
       0
       0
       0
       2
       0
       1
       1
       1
       0
       0
       0
       0
       0
       1
       0
       0
       0
      21
      32
      27
      37
      26
      30
      30
      34
      28
      22
      28
      25
$ROI:
0
$PRESETS:
None
0
0
$ENER_FIT:
0.000000 0.000000
$MCA_CAL:
3
0.000000E+000 0.000000E+000 0.000000E+000
$SHAPE_CAL:
3
0.000000E+000 0.000000E+000 0.000000E+000
