$SPEC_ID:
Cf
$SPEC_REM:
DET# 1
DETDESC# MCB 25
AP# Maestro Version 6.05
$DATE_MEA:
10/08/2015 09:06:16
$MEAS_TIM:
1317 1320
$DATA:
0 511
       0
       0
       0
       0
       0
       0
       4
    1362
    1174
     958
     727
     847
     915
    1104
    1715
    2823
    3739
    3226
    1522
     520
     201
      91
      35
     146
     111
      69
      89
      32
     120
     137
     106
       8
     106
     116
      38
      58
      50
      55
      47
      12
      57
      84
      89
      64
     102
      59
      20
      44
      55
      58
      24
      29
      60
      36
      66
      18
      15
      51
      29
      59
      63
      96
      55
      73
      51
      71
      97
     120
      55
      73
      45
      42
      97
      49
     114
      73
      99
      98
     103
     117
     114
     102
      99
      80
     128
     102
      85
     166
     153
     129
      85
     106
     123
     121
      94
     108
      98
     111
     130
      77
     135
     133
     151
      98
     140
     131
     133
     105
     112
      88
     134
     147
     110
     147
     106
      96
     127
     105
      78
      90
     118
      92
     107
     100
     103
      87
      89
      51
      41
      64
      67
      65
      53
      66
      36
      34
      63
      66
      45
      72
      53
      80
      53
      55
      82
      37
      63
      43
      44
       6
      24
      32
      41
      59
      13
      54
      38
      44
      27
      26
      61
      47
      32
      44
      59
      60
      56
      52
      66
      33
      30
      75
      57
      33
      44
      40
      36
      49
      62
      56
      34
      36
      69
      49
      81
      66
      83
      85
      47
      60
      84
      56
      40
      90
      38
      76
      53
      42
      65
      54
      55
      51
      65
     118
      87
      71
      69
      71
      66
     105
     125
      82
     103
      75
     133
     137
     127
     120
     110
     118
     160
     160
     168
     170
     157
     168
     163
     178
     167
     175
     178
     182
     189
     179
     190
     216
     188
     224
     219
     240
     217
     239
     278
     230
     254
     283
     266
     289
     300
     261
     282
     291
     272
     261
     270
     263
     216
     242
     227
     194
     252
     200
     165
     157
     180
     154
     133
     130
     111
      98
      89
     110
      82
      90
      83
      68
      64
      67
      56
      59
      49
      40
      56
      38
      39
      32
      23
      28
      19
      13
      20
       7
       8
      16
       5
       6
      11
       7
       4
       5
       7
       3
       1
       1
       7
       2
       4
       0
       0
       0
       1
       0
       0
       6
       0
       3
       1
       0
       5
       2
       6
       3
       1
       7
       3
       2
       6
       4
       4
       6
       3
       2
       0
       5
       0
       3
       6
       0
       0
       1
       2
       0
       3
       1
       6
       5
       0
       0
       0
       8
       1
       4
       2
       2
       5
       2
       6
       1
       0
       0
       5
       0
       4
       0
       0
       4
       0
       2
       0
       4
       0
       0
       3
       2
       4
       3
       4
       2
       3
       4
       1
       6
       1
       3
       8
       2
       3
       0
       0
       3
       0
       5
       4
       0
       2
       0
       0
       1
       3
       0
       8
       0
       4
       2
       0
       2
       5
       1
       0
       2
       0
       2
       0
       8
       0
       9
       2
       0
       3
       3
       1
       0
       0
       2
       5
       0
       1
       5
       3
       2
       3
       3
       4
       2
       3
       1
       3
       4
       4
       3
       2
       2
       2
       1
       4
       0
       3
       1
       0
       2
       1
       0
       1
       1
       2
       0
       1
       0
       0
       0
       0
       1
       0
       1
       2
       0
       0
       0
       1
       1
       0
       0
       0
       0
       0
       1
       3
       0
       0
       1
       0
       1
       0
       1
       0
       1
       0
       1
       0
       0
       1
       2
       1
       0
       0
       0
       0
       0
       1
       0
       0
       0
       3
       0
       0
       0
       0
       0
       8
       6
       1
       9
$ROI:
2
52 141
202 292
$PRESETS:
None
0
0
$ENER_FIT:
0.000000 0.000000
$MCA_CAL:
3
0.000000E+000 0.000000E+000 0.000000E+000
$SHAPE_CAL:
3
0.000000E+000 0.000000E+000 0.000000E+000
