$SPEC_ID:
Cf
$SPEC_REM:
DET# 1
DETDESC# MCB 25
AP# Maestro Version 6.05
$DATE_MEA:
10/08/2015 09:06:16
$MEAS_TIM:
1317 1320
$DATA:
0 511
       0
       0
       0
       0
       0
       0
      24
    3870
    3502
    3092
    2789
    2742
    2941
    3176
    3786
    4336
    4838
    4134
    2386
    1240
     875
     765
     694
     734
     713
     677
     660
     628
     692
     658
     611
     571
     579
     565
     534
     537
     519
     527
     494
     496
     526
     503
     545
     496
     501
     487
     445
     449
     497
     463
     451
     439
     465
     462
     460
     451
     395
     472
     443
     452
     461
     483
     431
     453
     423
     444
     452
     487
     466
     441
     439
     434
     447
     475
     495
     462
     498
     471
     471
     497
     498
     474
     487
     482
     526
     495
     503
     555
     540
     520
     489
     526
     502
     524
     462
     489
     482
     454
     461
     405
     446
     409
     453
     372
     393
     368
     353
     331
     322
     288
     311
     311
     268
     289
     272
     236
     238
     257
     201
     211
     235
     206
     221
     222
     218
     180
     196
     171
     153
     176
     178
     165
     148
     164
     152
     138
     155
     149
     157
     171
     149
     176
     141
     148
     167
     135
     140
     143
     134
     127
     118
     134
     135
     141
     117
     148
     140
     129
     124
     133
     139
     150
     145
     128
     146
     144
     142
     141
     145
     117
     129
     161
     145
     127
     134
     126
     132
     131
     141
     139
     127
     129
     154
     140
     150
     156
     168
     158
     149
     146
     152
     130
     155
     181
     141
     173
     158
     151
     155
     152
     158
     162
     165
     209
     181
     174
     168
     170
     166
     204
     225
     181
     200
     177
     216
     219
     220
     222
     199
     210
     235
     236
     223
     246
     228
     231
     229
     236
     227
     234
     233
     235
     232
     234
     231
     252
     226
     260
     250
     269
     255
     278
     312
     253
     273
     306
     291
     303
     329
     284
     316
     311
     288
     274
     283
     282
     236
     265
     246
     222
     265
     213
     190
     180
     199
     166
     150
     150
     124
     110
     109
     119
      98
     108
      94
      86
      77
      78
      71
      70
      53
      51
      59
      48
      46
      42
      33
      31
      28
      20
      23
      13
      13
      16
      11
      13
      12
      13
      10
      13
      10
       7
       9
       7
       8
       7
       5
       3
       2
       3
       8
       6
       5
      10
       6
       5
       4
       4
       7
       7
      12
       7
       7
       9
       6
       6
       8
       6
       6
      11
       5
       4
       5
       8
       2
       5
       6
       4
       6
       4
       6
       4
       6
       4
      10
       6
       1
       4
       4
      12
       4
       6
       5
       7
       7
       6
       9
       7
       2
       5
       8
       9
       5
       4
       5
       5
       1
      10
       5
       5
       4
       1
       9
       5
       6
       7
       4
       5
       6
       7
       6
      10
       3
       6
       9
       7
       5
       5
       3
       3
       4
       5
       4
       6
       7
       4
       3
       5
       8
       2
       8
       4
       5
       4
       3
       4
       5
       3
       2
       5
       4
       4
       1
      11
       1
      11
       3
       3
       5
       3
       2
       1
       3
       3
       5
       1
       1
       6
       4
       3
       4
       3
       4
       2
       3
       1
       3
       4
       4
       3
       2
       4
       2
       1
       4
       1
       3
       2
       0
       2
       1
       3
       1
       1
       2
       0
       1
       0
       0
       0
       0
       1
       0
       1
       2
       0
       0
       0
       1
       1
       0
       0
       1
       0
       0
       1
       3
       0
       0
       1
       1
       1
       0
       1
       0
       1
       1
       1
       0
       0
       1
       2
       1
       0
       0
       0
       0
       0
       1
       0
      14
      31
      29
      25
      25
      26
      28
      33
      35
      27
      28
      33
$ROI:
0
$PRESETS:
None
0
0
$ENER_FIT:
0.000000 0.000000
$MCA_CAL:
3
0.000000E+000 0.000000E+000 0.000000E+000
$SHAPE_CAL:
3
0.000000E+000 0.000000E+000 0.000000E+000
