$SPEC_ID:
Cf
$SPEC_REM:
DET# 1
DETDESC# MCB 25
AP# Maestro Version 6.05
$DATE_MEA:
10/08/2015 10:35:42
$MEAS_TIM:
1412 1414
$DATA:
0 511
       0
       0
       0
       0
       0
       0
      27
    5950
    4911
    2142
    1282
    1043
     941
     907
     911
     885
     945
     974
     908
     816
     774
     786
     715
     702
     682
     646
     663
     650
     606
     613
     649
     627
     620
     593
     557
     548
     539
     570
     582
     570
     529
     567
     510
     543
     521
     540
     486
     500
     514
     519
     485
     518
     499
     486
     489
     499
     498
     498
     491
     499
     464
     516
     470
     474
     456
     408
     441
     440
     446
     431
     468
     454
     416
     458
     424
     429
     429
     433
     444
     401
     423
     468
     443
     461
     464
     442
     420
     466
     437
     462
     423
     428
     448
     444
     463
     487
     462
     470
     451
     454
     491
     463
     498
     482
     493
     507
     474
     525
     485
     502
     520
     523
     469
     461
     492
     433
     454
     445
     424
     452
     398
     403
     362
     349
     300
     311
     265
     235
     213
     221
     193
     153
     172
     140
     121
     126
     101
      93
      74
      69
      70
      73
      67
      56
      52
      53
      43
      44
      56
      45
      45
      29
      38
      34
      26
      28
      25
      28
      32
      23
      28
      28
      25
      25
      20
      23
      20
      20
      18
      22
      14
      13
      12
      16
      15
      10
      12
       8
      11
       6
      10
       7
      10
       9
       8
       7
      12
       8
      13
       8
       8
       4
       7
       9
      10
       5
       6
      10
       8
       9
      10
       6
      11
       4
      10
      10
       9
       7
       6
       7
       5
       8
       7
       8
      10
      10
      12
      13
       8
       8
       6
       6
       9
       6
      10
       6
       4
      11
       7
       4
       5
       7
       7
       5
      12
       3
       8
       5
       5
       7
       8
       9
       6
      12
      13
      10
      10
      11
      17
      10
      14
      15
       8
      20
      19
      13
      10
      18
      15
      20
      19
      18
      12
      17
      20
      15
      14
      19
      14
      19
      10
       7
       8
      11
      16
       7
       8
       9
       7
       4
       6
       4
       6
       4
       9
       2
       7
       2
       6
       7
       4
       4
       6
       4
       2
       3
       4
       4
       5
       2
       3
       3
       6
       5
       5
       3
       4
       6
       1
       1
       2
       2
       3
       1
       4
       3
       0
       1
       4
       5
       3
       5
       3
       1
       3
       0
       4
       2
       3
       1
       4
       2
       4
       2
       2
       1
       2
       3
       0
       2
       0
       2
       3
       4
       1
       0
       0
       1
       4
       0
       3
       0
       3
       1
       2
       0
       2
       0
       1
       2
       0
       0
       0
       0
       1
       1
       1
       4
       1
       2
       3
       1
       1
       1
       0
       1
       3
       1
       1
       0
       1
       0
       1
       0
       0
       1
       0
       1
       1
       0
       1
       1
       1
       0
       0
       0
       0
       0
       0
       0
       3
       0
       1
       4
       0
       0
       1
       1
       1
       0
       1
       0
       2
       1
       1
       0
       1
       0
       2
       0
       1
       0
       1
       1
       0
       1
       0
       0
       0
       0
       0
       0
       0
       0
       0
       0
       0
       1
       1
       0
       0
       0
       0
       0
       2
       1
       0
       1
       2
       1
       0
       0
       1
       0
       1
       0
       0
       1
       0
       0
       1
       1
       1
       1
       0
       0
       0
       2
       0
       1
       0
       1
       1
       0
       1
       0
       0
       0
       0
       2
       0
       0
       1
       0
       0
       1
       0
       0
       1
       1
       0
       0
       1
       0
       0
       0
       1
       2
       1
       1
       9
      24
      37
      33
      24
      33
      37
      39
      38
      26
      27
      34
$ROI:
0
$PRESETS:
None
0
0
$ENER_FIT:
0.000000 0.000000
$MCA_CAL:
3
0.000000E+000 0.000000E+000 0.000000E+000
$SHAPE_CAL:
3
0.000000E+000 0.000000E+000 0.000000E+000
