$SPEC_ID:
Cf
$SPEC_REM:
DET# 1
DETDESC# MCB 25
AP# Maestro Version 6.05
$DATE_MEA:
10/08/2015 10:12:10
$MEAS_TIM:
1294 1300
$DATA:
0 511
       0
       0
       0
       0
       0
       0
      63
   13462
   13730
   13624
   14794
    7801
    2891
    2222
    2244
    2199
    2118
    2231
    2280
    2194
    2193
    2180
    2115
    2214
    2171
    2181
    2121
    2276
    2195
    2303
    2218
    2240
    2235
    2238
    2233
    2396
    2382
    2336
    2289
    2220
    2393
    2332
    2284
    2369
    2348
    2347
    2396
    2289
    2364
    2270
    2297
    2338
    2318
    2219
    2287
    2234
    2321
    2185
    2263
    2265
    2146
    2187
    2117
    2148
    2125
    2028
    2048
    2061
    2103
    1983
    2009
    2004
    1902
    1877
    1824
    1850
    1851
    1749
    1817
    1746
    1736
    1695
    1645
    1630
    1604
    1569
    1524
    1544
    1480
    1461
    1494
    1425
    1466
    1451
    1367
    1361
    1266
    1259
    1273
    1251
    1258
    1263
    1220
    1162
    1164
    1076
    1229
    1120
    1120
    1085
    1025
    1027
    1033
     970
    1085
     930
     948
     933
     948
     962
     890
     875
     806
     804
     762
     728
     795
     755
     697
     707
     661
     667
     721
     664
     648
     662
     744
     713
     730
     714
     748
     748
     792
     819
     903
     877
     855
     945
    1003
    1042
    1005
    1071
    1084
    1066
    1078
    1044
    1046
    1032
     962
     918
     856
     786
     704
     689
     570
     501
     476
     409
     367
     295
     274
     221
     162
     137
     113
     101
      95
      90
      55
      58
      53
      38
      30
      19
      32
      31
      29
      28
      21
      18
      21
      22
      15
      10
      19
      24
      22
      14
      16
      24
      17
      18
      22
      17
      13
      15
      15
      19
       8
      17
      11
      12
       9
      14
      15
       6
      12
       8
      17
      14
      10
      10
      14
      10
       8
      14
      12
       7
       8
       7
       9
      10
      10
      10
      14
      11
       9
       7
      20
      13
      14
      15
       5
      12
      11
       9
       9
      10
       8
      13
       9
       8
      15
      16
      17
      17
      11
      16
      14
      14
      15
      16
      13
       9
      16
      18
      19
      15
      15
      10
      13
       8
       9
       8
       5
       7
       4
       7
       8
       7
      10
       8
       3
       6
       5
       4
       4
       2
       4
       4
       4
       7
       2
       2
       2
       2
       5
       2
       8
       4
       0
       4
       3
       1
       1
       4
       7
       4
       6
       5
       4
       2
       2
       2
       2
       2
       2
       3
       1
       2
       2
       1
       2
       3
       0
       0
       0
       0
       0
       1
       2
       2
       2
       0
       5
       4
       0
       2
       3
       0
       1
       3
       0
       3
       5
       2
       3
       0
       3
       2
       0
       4
       1
       0
       0
       2
       2
       0
       3
       0
       2
       2
       1
       1
       1
       0
       0
       0
       1
       1
       0
       0
       1
       1
       0
       1
       1
       0
       1
       4
       0
       0
       0
       0
       2
       2
       0
       2
       1
       2
       1
       3
       1
       1
       0
       0
       0
       0
       0
       2
       0
       1
       0
       0
       0
       0
       0
       1
       0
       1
       0
       0
       1
       1
       1
       0
       0
       0
       1
       0
       1
       0
       1
       0
       0
       0
       0
       1
       1
       1
       0
       0
       0
       1
       1
       1
       0
       0
       2
       0
       0
       1
       0
       0
       0
       2
       0
       0
       0
       1
       1
       2
       1
       1
       3
       0
       0
       1
       2
       0
       0
       0
       1
       0
       0
       2
       2
       4
       0
       1
       0
       0
       0
       0
       0
       1
       0
       1
       0
       0
       0
       1
       0
       2
       0
       0
       0
       1
       0
       1
       0
       1
       1
       0
       0
       1
       2
       0
       0
       1
      16
      38
      32
      27
      27
      36
      26
      23
      25
      20
      27
      27
$ROI:
0
$PRESETS:
None
0
0
$ENER_FIT:
0.000000 0.000000
$MCA_CAL:
3
0.000000E+000 0.000000E+000 0.000000E+000
$SHAPE_CAL:
3
0.000000E+000 0.000000E+000 0.000000E+000
