$SPEC_ID:
Cf
$SPEC_REM:
DET# 1
DETDESC# MCB 25
AP# Maestro Version 6.05
$DATE_MEA:
10/08/2015 10:12:10
$MEAS_TIM:
1294 1300
$DATA:
0 511
       0
       0
       0
       0
       0
       0
      39
    8010
    9230
   11662
   13620
    6846
    2029
    1391
    1410
    1388
    1252
    1339
    1448
    1447
    1484
    1460
    1460
    1571
    1546
    1589
    1514
    1681
    1640
    1742
    1624
    1666
    1667
    1695
    1723
    1894
    1889
    1814
    1756
    1698
    1909
    1813
    1817
    1872
    1871
    1853
    1951
    1831
    1893
    1795
    1853
    1864
    1861
    1774
    1839
    1777
    1865
    1729
    1814
    1808
    1721
    1715
    1687
    1714
    1708
    1655
    1644
    1658
    1695
    1589
    1581
    1588
    1521
    1458
    1436
    1457
    1458
    1353
    1411
    1379
    1349
    1267
    1240
    1208
    1179
    1164
    1140
    1117
    1080
    1038
    1107
    1033
    1056
    1045
     943
     915
     843
     829
     860
     835
     809
     839
     764
     721
     713
     612
     795
     639
     676
     625
     549
     548
     604
     548
     635
     534
     532
     526
     560
     548
     526
     506
     475
     485
     488
     443
     553
     540
     502
     505
     485
     527
     564
     536
     538
     547
     652
     628
     663
     651
     684
     682
     731
     768
     856
     829
     816
     905
     952
    1001
     964
    1045
    1050
    1035
    1055
    1019
    1024
    1007
     933
     897
     831
     761
     682
     667
     552
     480
     458
     391
     351
     275
     262
     210
     152
     123
     100
      92
      85
      83
      45
      53
      44
      32
      21
      11
      25
      25
      19
      21
      10
      11
      14
      19
       9
       2
      10
      20
      17
       5
       9
      16
       8
      13
      12
      14
       4
       6
       7
      13
       3
      11
       7
       5
       3
       7
       6
       0
       2
       0
      10
       7
       5
       5
       6
       5
       0
       9
       9
       0
       2
       4
       5
       4
       4
       6
       4
       9
       2
       3
      16
       7
       7
       7
       0
       2
       0
       0
       0
       0
       0
       4
       0
       0
       8
       0
       0
       6
       2
       0
       1
       0
       0
       0
       3
       0
       0
       5
       7
       0
       3
       0
       4
       2
       2
       0
       0
       1
       0
       0
       2
       4
       5
       5
       0
       3
       0
       3
       0
       1
       0
       0
       1
       4
       0
       0
       1
       0
       2
       0
       4
       3
       0
       2
       0
       0
       0
       2
       4
       0
       6
       5
       3
       1
       0
       2
       0
       0
       2
       3
       0
       0
       0
       0
       0
       3
       0
       0
       0
       0
       0
       1
       0
       1
       0
       0
       4
       4
       0
       0
       3
       0
       1
       2
       0
       0
       5
       2
       3
       0
       0
       2
       0
       4
       0
       0
       0
       2
       1
       0
       3
       0
       2
       2
       1
       1
       1
       0
       0
       0
       1
       0
       0
       0
       1
       1
       0
       1
       0
       0
       1
       4
       0
       0
       0
       0
       2
       2
       0
       2
       1
       2
       1
       3
       1
       1
       0
       0
       0
       0
       0
       2
       0
       1
       0
       0
       0
       0
       0
       1
       0
       1
       0
       0
       0
       1
       1
       0
       0
       0
       0
       0
       1
       0
       1
       0
       0
       0
       0
       1
       1
       1
       0
       0
       0
       1
       1
       1
       0
       0
       2
       0
       0
       1
       0
       0
       0
       2
       0
       0
       0
       1
       1
       2
       1
       1
       3
       0
       0
       1
       2
       0
       0
       0
       1
       0
       0
       2
       2
       3
       0
       1
       0
       0
       0
       0
       0
       1
       0
       1
       0
       0
       0
       1
       0
       2
       0
       0
       0
       1
       0
       1
       0
       1
       1
       0
       0
       1
       2
       0
       0
       1
       8
      17
       0
       0
       6
       6
       0
       0
       0
       0
       3
       0
$ROI:
0
$PRESETS:
None
0
0
$ENER_FIT:
0.000000 0.000000
$MCA_CAL:
3
0.000000E+000 0.000000E+000 0.000000E+000
$SHAPE_CAL:
3
0.000000E+000 0.000000E+000 0.000000E+000
