$SPEC_ID:
Cf
$SPEC_REM:
DET# 1
DETDESC# MCB 25
AP# Maestro Version 6.05
$DATE_MEA:
10/08/2015 12:57:35
$MEAS_TIM:
3624 3659
$DATA:
0 511
       0
       0
       0
       0
       0
       0
      44
   42446
   57169
   58314
   59533
   59167
   58122
   56503
   54037
   51580
   48537
   44455
   40220
   35622
   31059
   26769
   21795
   18034
   13763
   10520
    7965
    5488
    3988
    3067
    2698
    2481
    2403
    2362
    2332
    2263
    2350
    2402
    2356
    2351
    2398
    2419
    2444
    2372
    2452
    2501
    2523
    2609
    2569
    2563
    2577
    2621
    2644
    2673
    2628
    2687
    2707
    2820
    2797
    2712
    2780
    2880
    2884
    2954
    2871
    2888
    2902
    2959
    2928
    2984
    3059
    3087
    3119
    2967
    3143
    3030
    3101
    3180
    3213
    3280
    3258
    3211
    3315
    3243
    3337
    3398
    3454
    3361
    3453
    3430
    3448
    3445
    3457
    3467
    3478
    3473
    3574
    3580
    3574
    3439
    3558
    3555
    3650
    3620
    3694
    3710
    3542
    3605
    3723
    3649
    3725
    3659
    3770
    3779
    3703
    3785
    3728
    3682
    3771
    3743
    3794
    3829
    3796
    3859
    3727
    3952
    3799
    3781
    3843
    3837
    3866
    3906
    3757
    3859
    3858
    3931
    3909
    3804
    3831
    3956
    3945
    3977
    4021
    3926
    3895
    3953
    4003
    3995
    3913
    4039
    3951
    4026
    3925
    4031
    4091
    4022
    3886
    3983
    4014
    4016
    3961
    3956
    4066
    3926
    4029
    3900
    4026
    3940
    4066
    4002
    3865
    3970
    4037
    3815
    3967
    4027
    3936
    4000
    3969
    4060
    4033
    3867
    3957
    3828
    3928
    3894
    3873
    3774
    3804
    3865
    3834
    3876
    3605
    3816
    3830
    3830
    3811
    3862
    3833
    3755
    3676
    3739
    3632
    3763
    3623
    3711
    3710
    3573
    3667
    3713
    3571
    3620
    3632
    3549
    3562
    3448
    3601
    3519
    3468
    3420
    3501
    3571
    3599
    3523
    3516
    3445
    3522
    3402
    3536
    3408
    3294
    3390
    3372
    3282
    3369
    3281
    3323
    3308
    3142
    3169
    3166
    3186
    3153
    3227
    3136
    3105
    3187
    3088
    3078
    3079
    3094
    3035
    3010
    3008
    3010
    2920
    2895
    2851
    2912
    2860
    2785
    2767
    2755
    2796
    2810
    2773
    2709
    2734
    2702
    2655
    2663
    2529
    2642
    2487
    2529
    2509
    2508
    2450
    2420
    2443
    2463
    2439
    2419
    2329
    2299
    2292
    2258
    2228
    2256
    2256
    2202
    2074
    2151
    2188
    2186
    2067
    2057
    2056
    2002
    2032
    1949
    1942
    1902
    2012
    1894
    1848
    1878
    1837
    1794
    1781
    1800
    1760
    1790
    1609
    1618
    1678
    1570
    1591
    1574
    1602
    1501
    1467
    1570
    1491
    1370
    1382
    1340
    1384
    1349
    1354
    1361
    1347
    1300
    1287
    1262
    1198
    1155
    1163
    1241
    1190
    1054
    1024
    1059
    1076
    1065
     976
    1014
    1020
     970
     902
     867
     911
     910
     902
     829
     783
     775
     754
     803
     788
     763
     668
     709
     641
     652
     620
     677
     648
     610
     611
     595
     542
     585
     500
     510
     492
     521
     492
     469
     512
     461
     436
     459
     416
     424
     401
     335
     343
     326
     339
     322
     309
     311
     293
     291
     291
     261
     247
     236
     228
     233
     253
     206
     196
     191
     185
     175
     148
     168
     145
     132
     151
     125
     136
     111
     107
     121
      98
      99
     109
      89
      76
      92
      79
      82
      82
      75
      63
      70
      58
      63
      51
      44
      53
      44
      48
      44
      38
      33
      38
      33
      39
      28
      32
      29
      30
      26
      26
      33
      15
      21
      22
      28
      30
      31
      19
      27
      21
      21
      23
      24
      16
      25
      25
      15
      16
      21
      19
      11
      11
      11
      13
      16
      19
      16
      18
      16
      17
      16
      17
      14
      11
      19
      14
      14
       8
      14
      11
       8
      16
      15
      14
      16
       9
      17
      10
      10
       8
      12
      14
      76
     134
     105
     134
     126
     117
     116
     128
     138
     111
     102
      97
$ROI:
0
$PRESETS:
None
0
0
$ENER_FIT:
0.000000 0.000000
$MCA_CAL:
3
0.000000E+000 0.000000E+000 0.000000E+000
$SHAPE_CAL:
3
0.000000E+000 0.000000E+000 0.000000E+000
