$SPEC_ID:
Cf
$SPEC_REM:
DET# 1
DETDESC# MCB 25
AP# Maestro Version 6.05
$DATE_MEA:
10/08/2015 12:57:35
$MEAS_TIM:
3624 3659
$DATA:
0 511
       0
       0
       0
       0
       0
       0
      29
   41073
   55760
   56970
   58212
   58114
   57388
   55773
   53345
   50869
   47814
   43528
   39389
   35022
   30508
   26312
   21324
   17601
   13386
   10132
    7582
    5072
    3645
    2756
    2390
    2138
    2089
    2052
    2016
    1959
    2061
    2107
    2053
    2059
    2101
    2107
    2158
    2113
    2213
    2226
    2277
    2346
    2311
    2319
    2369
    2404
    2399
    2439
    2417
    2441
    2469
    2586
    2543
    2500
    2546
    2679
    2674
    2759
    2667
    2695
    2691
    2774
    2742
    2803
    2908
    2902
    2939
    2815
    2979
    2848
    2946
    3042
    3051
    3108
    3095
    3019
    3143
    3088
    3182
    3239
    3284
    3174
    3279
    3258
    3295
    3315
    3301
    3321
    3354
    3330
    3438
    3449
    3465
    3306
    3434
    3431
    3530
    3509
    3583
    3607
    3444
    3509
    3642
    3566
    3617
    3567
    3664
    3698
    3623
    3714
    3647
    3605
    3707
    3667
    3706
    3765
    3719
    3790
    3657
    3890
    3732
    3728
    3779
    3770
    3816
    3855
    3689
    3803
    3810
    3879
    3856
    3760
    3776
    3894
    3883
    3915
    3959
    3872
    3839
    3901
    3948
    3937
    3862
    3984
    3889
    3962
    3858
    3968
    4018
    3956
    3812
    3917
    3957
    3948
    3905
    3894
    4009
    3871
    3976
    3844
    3978
    3899
    4028
    3963
    3832
    3932
    4008
    3790
    3943
    3997
    3918
    3981
    3942
    4033
    4016
    3848
    3941
    3807
    3897
    3880
    3858
    3755
    3793
    3840
    3816
    3863
    3587
    3796
    3811
    3811
    3797
    3839
    3806
    3738
    3661
    3714
    3607
    3737
    3605
    3688
    3693
    3547
    3643
    3700
    3556
    3596
    3613
    3525
    3541
    3429
    3584
    3496
    3454
    3402
    3481
    3552
    3582
    3504
    3498
    3429
    3502
    3382
    3522
    3380
    3281
    3375
    3354
    3267
    3359
    3269
    3309
    3295
    3131
    3151
    3148
    3166
    3130
    3216
    3105
    3079
    3160
    3057
    3032
    3055
    3071
    3002
    2972
    2966
    2979
    2876
    2849
    2809
    2877
    2821
    2739
    2723
    2718
    2761
    2776
    2736
    2676
    2704
    2673
    2625
    2633
    2497
    2623
    2465
    2505
    2487
    2493
    2425
    2408
    2428
    2439
    2421
    2396
    2321
    2281
    2281
    2244
    2213
    2239
    2245
    2187
    2067
    2141
    2177
    2175
    2056
    2046
    2049
    1994
    2024
    1938
    1937
    1896
    2000
    1888
    1837
    1873
    1829
    1789
    1775
    1796
    1752
    1788
    1601
    1610
    1674
    1563
    1590
    1569
    1599
    1495
    1461
    1565
    1490
    1365
    1373
    1333
    1381
    1344
    1349
    1354
    1342
    1296
    1280
    1259
    1196
    1153
    1161
    1241
    1185
    1048
    1021
    1053
    1074
    1056
     975
    1013
    1014
     968
     897
     866
     911
     906
     898
     829
     782
     774
     753
     800
     787
     761
     665
     707
     636
     648
     617
     677
     644
     609
     611
     593
     540
     580
     497
     509
     490
     520
     490
     466
     511
     457
     436
     458
     416
     422
     399
     333
     341
     321
     337
     322
     307
     308
     289
     290
     289
     259
     247
     236
     226
     227
     252
     204
     195
     191
     185
     175
     145
     168
     145
     129
     149
     124
     135
     111
     105
     121
      96
      99
     109
      89
      76
      92
      78
      81
      82
      75
      62
      69
      56
      63
      51
      43
      53
      44
      46
      44
      38
      33
      38
      32
      39
      26
      32
      29
      24
      25
      26
      33
      12
      21
      22
      28
      28
      31
      19
      27
      21
      21
      22
      24
      14
      25
      23
      14
      15
      21
      19
       9
      11
      11
      13
      16
      19
      16
      18
      16
      17
      15
      17
      14
      10
      16
      14
      13
       7
      14
      11
       8
      16
      14
      14
      11
       9
      17
      10
       8
       7
      12
      13
      40
      57
      30
      72
      50
      54
      38
      68
      75
      34
      20
      35
$ROI:
0
$PRESETS:
None
0
0
$ENER_FIT:
0.000000 0.000000
$MCA_CAL:
3
0.000000E+000 0.000000E+000 0.000000E+000
$SHAPE_CAL:
3
0.000000E+000 0.000000E+000 0.000000E+000
